2.000000000000000111e-01
2.163265306122449105e-01
2.326530612244898100e-01
2.489795918367347094e-01
2.653061224489796088e-01
2.816326530612245360e-01
2.979591836734694077e-01
3.142857142857142794e-01
3.306122448979592066e-01
3.469387755102041337e-01
3.632653061224490054e-01
3.795918367346938771e-01
3.959183673469388043e-01
4.122448979591837315e-01
4.285714285714286031e-01
4.448979591836734748e-01
4.612244897959184020e-01
4.775510204081632737e-01
4.938775510204082009e-01
5.102040816326531836e-01
5.265306122448980553e-01
5.428571428571429269e-01
5.591836734693877986e-01
5.755102040816326703e-01
5.918367346938775420e-01
6.081632653061224136e-01
6.244897959183673963e-01
6.408163265306123790e-01
6.571428571428572507e-01
6.734693877551021224e-01
6.897959183673469941e-01
7.061224489795918657e-01
7.224489795918367374e-01
7.387755102040816091e-01
7.551020408163264808e-01
7.714285714285715745e-01
7.877551020408164462e-01
8.040816326530613178e-01
8.204081632653061895e-01
8.367346938775510612e-01
8.530612244897959329e-01
8.693877551020408045e-01
8.857142857142856762e-01
9.020408163265307699e-01
9.183673469387756416e-01
9.346938775510205133e-01
9.510204081632653850e-01
9.673469387755102566e-01
9.836734693877551283e-01
1.000000000000000000e+00
1.006122448979591910e+00
1.012244897959183598e+00
1.018367346938775508e+00
1.024489795918367419e+00
1.030612244897959107e+00
1.036734693877551017e+00
1.042857142857142927e+00
1.048979591836734615e+00
1.055102040816326525e+00
1.061224489795918435e+00
1.067346938775510123e+00
1.073469387755102034e+00
1.079591836734693944e+00
1.085714285714285632e+00
1.091836734693877542e+00
1.097959183673469452e+00
1.104081632653061140e+00
1.110204081632653050e+00
1.116326530612244960e+00
1.122448979591836649e+00
1.128571428571428559e+00
1.134693877551020469e+00
1.140816326530612379e+00
1.146938775510204067e+00
1.153061224489795977e+00
1.159183673469387887e+00
1.165306122448979576e+00
1.171428571428571486e+00
1.177551020408163396e+00
1.183673469387755084e+00
1.189795918367346994e+00
1.195918367346938904e+00
1.202040816326530592e+00
1.208163265306122502e+00
1.214285714285714413e+00
1.220408163265306101e+00
1.226530612244898011e+00
1.232653061224489921e+00
1.238775510204081609e+00
1.244897959183673519e+00
1.251020408163265429e+00
1.257142857142857117e+00
1.263265306122449028e+00
1.269387755102040938e+00
1.275510204081632626e+00
1.281632653061224536e+00
1.287755102040816446e+00
1.293877551020408134e+00
1.300000000000000044e+00
1.314285714285714279e+00
1.328571428571428514e+00
1.342857142857142971e+00
1.357142857142857206e+00
1.371428571428571441e+00
1.385714285714285676e+00
1.400000000000000133e+00
1.414285714285714368e+00
1.428571428571428603e+00
1.442857142857142838e+00
1.457142857142857295e+00
1.471428571428571530e+00
1.485714285714285765e+00
1.500000000000000000e+00
1.514285714285714235e+00
1.528571428571428692e+00
1.542857142857142927e+00
1.557142857142857162e+00
1.571428571428571397e+00
1.585714285714285854e+00
1.600000000000000089e+00
1.614285714285714324e+00
1.628571428571428559e+00
1.642857142857142794e+00
1.657142857142857251e+00
1.671428571428571486e+00
1.685714285714285721e+00
1.699999999999999956e+00
1.714285714285714413e+00
1.728571428571428648e+00
1.742857142857142883e+00
1.757142857142857117e+00
1.771428571428571352e+00
1.785714285714285809e+00
1.800000000000000044e+00
1.814285714285714279e+00
1.828571428571428736e+00
1.842857142857142971e+00
1.857142857142857206e+00
1.871428571428571441e+00
1.885714285714285676e+00
1.899999999999999911e+00
1.914285714285714146e+00
1.928571428571428603e+00
1.942857142857142838e+00
1.957142857142857295e+00
1.971428571428571530e+00
1.985714285714285765e+00
2.000000000000000000e+00
2.010204081632652962e+00
2.020408163265305923e+00
2.030612244897959329e+00
2.040816326530612290e+00
2.051020408163265252e+00
2.061224489795918213e+00
2.071428571428571619e+00
2.081632653061224580e+00
2.091836734693877542e+00
2.102040816326530503e+00
2.112244897959183465e+00
2.122448979591836871e+00
2.132653061224489832e+00
2.142857142857142794e+00
2.153061224489795755e+00
2.163265306122449161e+00
2.173469387755102122e+00
2.183673469387755084e+00
2.193877551020408045e+00
2.204081632653061007e+00
2.214285714285714413e+00
2.224489795918367374e+00
2.234693877551020336e+00
2.244897959183673297e+00
2.255102040816326703e+00
2.265306122448979664e+00
2.275510204081632626e+00
2.285714285714285587e+00
2.295918367346938993e+00
2.306122448979591955e+00
2.316326530612244916e+00
2.326530612244897878e+00
2.336734693877550839e+00
2.346938775510204245e+00
2.357142857142857206e+00
2.367346938775510168e+00
2.377551020408163129e+00
2.387755102040816091e+00
2.397959183673469497e+00
2.408163265306122458e+00
2.418367346938775420e+00
2.428571428571428381e+00
2.438775510204081787e+00
2.448979591836734748e+00
2.459183673469387710e+00
2.469387755102040671e+00
2.479591836734694077e+00
2.489795918367347038e+00
2.500000000000000000e+00
2.518367346938775508e+00
2.536734693877551017e+00
2.555102040816326525e+00
2.573469387755102034e+00
2.591836734693877542e+00
2.610204081632653050e+00
2.628571428571428559e+00
2.646938775510204067e+00
2.665306122448979576e+00
2.683673469387755084e+00
2.702040816326530592e+00
2.720408163265306101e+00
2.738775510204081609e+00
2.757142857142857117e+00
2.775510204081632626e+00
2.793877551020408134e+00
2.812244897959183643e+00
2.830612244897959151e+00
2.848979591836734659e+00
2.867346938775510168e+00
2.885714285714285676e+00
2.904081632653061185e+00
2.922448979591836693e+00
2.940816326530612201e+00
2.959183673469387710e+00
2.977551020408163218e+00
2.995918367346938727e+00
3.014285714285714235e+00
3.032653061224489743e+00
3.051020408163265252e+00
3.069387755102040760e+00
3.087755102040816269e+00
3.106122448979591777e+00
3.124489795918367285e+00
3.142857142857142794e+00
3.161224489795918302e+00
3.179591836734693810e+00
3.197959183673469319e+00
3.216326530612244827e+00
3.234693877551020336e+00
3.253061224489795844e+00
3.271428571428571352e+00
3.289795918367346861e+00
3.308163265306122369e+00
3.326530612244897878e+00
3.344897959183673386e+00
3.363265306122448894e+00
3.381632653061224403e+00
3.399999999999999911e+00
3.402040816326530326e+00
3.404081632653061185e+00
3.406122448979591599e+00
3.408163265306122458e+00
3.410204081632652873e+00
3.412244897959183731e+00
3.414285714285714146e+00
3.416326530612245005e+00
3.418367346938775420e+00
3.420408163265305834e+00
3.422448979591836693e+00
3.424489795918367108e+00
3.426530612244897966e+00
3.428571428571428381e+00
3.430612244897959240e+00
3.432653061224489655e+00
3.434693877551020513e+00
3.436734693877550928e+00
3.438775510204081787e+00
3.440816326530612201e+00
3.442857142857142616e+00
3.444897959183673475e+00
3.446938775510203889e+00
3.448979591836734748e+00
3.451020408163265163e+00
3.453061224489796022e+00
3.455102040816326436e+00
3.457142857142857295e+00
3.459183673469387710e+00
3.461224489795918124e+00
3.463265306122448983e+00
3.465306122448979398e+00
3.467346938775510257e+00
3.469387755102040671e+00
3.471428571428571530e+00
3.473469387755101945e+00
3.475510204081632804e+00
3.477551020408163218e+00
3.479591836734694077e+00
3.481632653061224492e+00
3.483673469387754906e+00
3.485714285714285765e+00
3.487755102040816180e+00
3.489795918367347038e+00
3.491836734693877453e+00
3.493877551020408312e+00
3.495918367346938727e+00
3.497959183673469585e+00
3.500000000000000000e+00
3.510204081632652962e+00
3.520408163265305923e+00
3.530612244897959329e+00
3.540816326530612290e+00
3.551020408163265252e+00
3.561224489795918213e+00
3.571428571428571619e+00
3.581632653061224580e+00
3.591836734693877542e+00
3.602040816326530503e+00
3.612244897959183465e+00
3.622448979591836871e+00
3.632653061224489832e+00
3.642857142857142794e+00
3.653061224489795755e+00
3.663265306122449161e+00
3.673469387755102122e+00
3.683673469387755084e+00
3.693877551020408045e+00
3.704081632653061007e+00
3.714285714285714413e+00
3.724489795918367374e+00
3.734693877551020336e+00
3.744897959183673297e+00
3.755102040816326703e+00
3.765306122448979664e+00
3.775510204081632626e+00
3.785714285714285587e+00
3.795918367346938993e+00
3.806122448979591955e+00
3.816326530612244916e+00
3.826530612244897878e+00
3.836734693877550839e+00
3.846938775510204245e+00
3.857142857142857206e+00
3.867346938775510168e+00
3.877551020408163129e+00
3.887755102040816091e+00
3.897959183673469497e+00
3.908163265306122458e+00
3.918367346938775420e+00
3.928571428571428381e+00
3.938775510204081787e+00
3.948979591836734748e+00
3.959183673469387710e+00
3.969387755102040671e+00
3.979591836734694077e+00
3.989795918367347038e+00
4.000000000000000000e+00
4.010204081632653406e+00
4.020408163265305923e+00
4.030612244897959329e+00
4.040816326530611846e+00
4.051020408163265252e+00
4.061224489795918657e+00
4.071428571428571175e+00
4.081632653061224580e+00
4.091836734693877986e+00
4.102040816326530503e+00
4.112244897959183909e+00
4.122448979591836427e+00
4.132653061224489832e+00
4.142857142857143238e+00
4.153061224489795755e+00
4.163265306122449161e+00
4.173469387755101678e+00
4.183673469387755084e+00
4.193877551020408490e+00
4.204081632653061007e+00
4.214285714285714413e+00
4.224489795918366930e+00
4.234693877551020336e+00
4.244897959183673741e+00
4.255102040816326259e+00
4.265306122448979664e+00
4.275510204081632182e+00
4.285714285714285587e+00
4.295918367346938993e+00
4.306122448979591510e+00
4.316326530612244916e+00
4.326530612244898322e+00
4.336734693877550839e+00
4.346938775510204245e+00
4.357142857142856762e+00
4.367346938775510168e+00
4.377551020408163573e+00
4.387755102040816091e+00
4.397959183673469497e+00
4.408163265306122014e+00
4.418367346938775420e+00
4.428571428571428825e+00
4.438775510204081343e+00
4.448979591836734748e+00
4.459183673469388154e+00
4.469387755102040671e+00
4.479591836734694077e+00
4.489795918367346594e+00
4.500000000000000000e+00
4.520408163265305923e+00
4.540816326530611846e+00
4.561224489795918657e+00
4.581632653061224580e+00
4.602040816326530503e+00
4.622448979591836427e+00
4.642857142857143238e+00
4.663265306122449161e+00
4.683673469387755084e+00
4.704081632653061007e+00
4.724489795918366930e+00
4.744897959183673741e+00
4.765306122448979664e+00
4.785714285714285587e+00
4.806122448979591510e+00
4.826530612244898322e+00
4.846938775510204245e+00
4.867346938775510168e+00
4.887755102040816091e+00
4.908163265306122014e+00
4.928571428571428825e+00
4.948979591836734748e+00
4.969387755102040671e+00
4.989795918367346594e+00
5.010204081632653406e+00
5.030612244897959329e+00
5.051020408163265252e+00
5.071428571428571175e+00
5.091836734693877986e+00
5.112244897959183909e+00
5.132653061224489832e+00
5.153061224489795755e+00
5.173469387755101678e+00
5.193877551020408490e+00
5.214285714285714413e+00
5.234693877551020336e+00
5.255102040816326259e+00
5.275510204081632182e+00
5.295918367346938993e+00
5.316326530612244916e+00
5.336734693877550839e+00
5.357142857142856762e+00
5.377551020408163573e+00
5.397959183673469497e+00
5.418367346938775420e+00
5.438775510204081343e+00
5.459183673469388154e+00
5.479591836734694077e+00
5.500000000000000000e+00
5.510204081632653406e+00
5.520408163265305923e+00
5.530612244897959329e+00
5.540816326530611846e+00
5.551020408163265252e+00
5.561224489795918657e+00
5.571428571428571175e+00
5.581632653061224580e+00
5.591836734693877986e+00
5.602040816326530503e+00
5.612244897959183909e+00
5.622448979591836427e+00
5.632653061224489832e+00
5.642857142857143238e+00
5.653061224489795755e+00
5.663265306122449161e+00
5.673469387755101678e+00
5.683673469387755084e+00
5.693877551020408490e+00
5.704081632653061007e+00
5.714285714285714413e+00
5.724489795918366930e+00
5.734693877551020336e+00
5.744897959183673741e+00
5.755102040816326259e+00
5.765306122448979664e+00
5.775510204081632182e+00
5.785714285714285587e+00
5.795918367346938993e+00
5.806122448979591510e+00
5.816326530612244916e+00
5.826530612244898322e+00
5.836734693877550839e+00
5.846938775510204245e+00
5.857142857142856762e+00
5.867346938775510168e+00
5.877551020408163573e+00
5.887755102040816091e+00
5.897959183673469497e+00
5.908163265306122014e+00
5.918367346938775420e+00
5.928571428571428825e+00
5.938775510204081343e+00
5.948979591836734748e+00
5.959183673469388154e+00
5.969387755102040671e+00
5.979591836734694077e+00
5.989795918367346594e+00
6.000000000000000000e+00
6.010204081632653406e+00
6.020408163265305923e+00
6.030612244897959329e+00
6.040816326530611846e+00
6.051020408163265252e+00
6.061224489795918657e+00
6.071428571428571175e+00
6.081632653061224580e+00
6.091836734693877986e+00
6.102040816326530503e+00
6.112244897959183909e+00
6.122448979591836427e+00
6.132653061224489832e+00
6.142857142857143238e+00
6.153061224489795755e+00
6.163265306122449161e+00
6.173469387755101678e+00
6.183673469387755084e+00
6.193877551020408490e+00
6.204081632653061007e+00
6.214285714285714413e+00
6.224489795918366930e+00
6.234693877551020336e+00
6.244897959183673741e+00
6.255102040816326259e+00
6.265306122448979664e+00
6.275510204081632182e+00
6.285714285714285587e+00
6.295918367346938993e+00
6.306122448979591510e+00
6.316326530612244916e+00
6.326530612244898322e+00
6.336734693877550839e+00
6.346938775510204245e+00
6.357142857142856762e+00
6.367346938775510168e+00
6.377551020408163573e+00
6.387755102040816091e+00
6.397959183673469497e+00
6.408163265306122014e+00
6.418367346938775420e+00
6.428571428571428825e+00
6.438775510204081343e+00
6.448979591836734748e+00
6.459183673469388154e+00
6.469387755102040671e+00
6.479591836734694077e+00
6.489795918367346594e+00
6.500000000000000000e+00
6.530612244897959329e+00
6.561224489795918657e+00
6.591836734693877986e+00
6.622448979591836427e+00
6.653061224489795755e+00
6.683673469387755084e+00
6.714285714285714413e+00
6.744897959183673741e+00
6.775510204081632182e+00
6.806122448979591510e+00
6.836734693877550839e+00
6.867346938775510168e+00
6.897959183673469497e+00
6.928571428571428825e+00
6.959183673469388154e+00
6.989795918367346594e+00
7.020408163265305923e+00
7.051020408163265252e+00
7.081632653061224580e+00
7.112244897959183909e+00
7.142857142857142350e+00
7.173469387755101678e+00
7.204081632653061007e+00
7.234693877551020336e+00
7.265306122448979664e+00
7.295918367346938993e+00
7.326530612244898322e+00
7.357142857142856762e+00
7.387755102040816091e+00
7.418367346938775420e+00
7.448979591836734748e+00
7.479591836734694077e+00
7.510204081632652517e+00
7.540816326530611846e+00
7.571428571428571175e+00
7.602040816326530503e+00
7.632653061224489832e+00
7.663265306122449161e+00
7.693877551020408490e+00
7.724489795918367818e+00
7.755102040816326259e+00
7.785714285714285587e+00
7.816326530612244916e+00
7.846938775510204245e+00
7.877551020408162685e+00
7.908163265306122014e+00
7.938775510204081343e+00
7.969387755102040671e+00
8.000000000000000000e+00
