1.584893192461113598e+00
1.645608532869958340e+00
1.708649804501485514e+00
1.774106110966351180e+00
1.842069969326716183e+00
1.912637440861443050e+00
1.985908266840748615e+00
2.061986009502219996e+00
2.140978198427452739e+00
2.222996482526195194e+00
2.308156787842828628e+00
2.396579481408219081e+00
2.488389541368536406e+00
2.583716733631498119e+00
2.682695795279725903e+00
2.785466625010437625e+00
2.892174480870657760e+00
3.002970185567423567e+00
3.118010339643176643e+00
3.237457542817645084e+00
3.361480623809065094e+00
3.490254878959580864e+00
3.623962320002086290e+00
3.762791931318719030e+00
3.906939937054616951e+00
4.056610078464478519e+00
4.212013901883932654e+00
4.373371057732746259e+00
4.540909610972477140e+00
4.714866363457394627e+00
4.895487188634263021e+00
5.083027379064072981e+00
5.277752007256912847e+00
5.479936300329980803e+00
5.689866029018295635e+00
5.907837911587946245e+00
6.134160033222739727e+00
6.369152281477088451e+00
6.613146798410531879e+00
6.866488450043001457e+00
7.129535313794352014e+00
7.402659184597100150e+00
7.686246100397737813e+00
7.980696887789369143e+00
8.286427728546845728e+00
8.603870747865233426e+00
8.933474625132916458e+00
9.275705228102729905e+00
9.631046271357401878e+00
1.000000000000000000e+01
1.014197297540158083e+01
1.028596158337759370e+01
1.043199444046344126e+01
1.058010056947197519e+01
1.073030940526155952e+01
1.088265080058601519e+01
1.103715503202757375e+01
1.119385280601411736e+01
1.135277526492183320e+01
1.151395399326447411e+01
1.167742102397053650e+01
1.184320884474954383e+01
1.201135040454868452e+01
1.218187912010115426e+01
1.235482888256746925e+01
1.253023406427101882e+01
1.270812952552929076e+01
1.288855062158209819e+01
1.307153320961808873e+01
1.325711365590108848e+01
1.344532884299760944e+01
1.363621617710691503e+01
1.382981359549521905e+01
1.402615957403538083e+01
1.422529313485369862e+01
1.442725385408518513e+01
1.463208186973901626e+01
1.483981788967565407e+01
1.505050319969713968e+01
1.526417967175233414e+01
1.548088977225863339e+01
1.570067657054178056e+01
1.592358374739554172e+01
1.614965560376294107e+01
1.637893706954064754e+01
1.661147371250843108e+01
1.684731174738542947e+01
1.708649804501486003e+01
1.732908014167925614e+01
1.757510624854792169e+01
1.782462526125844704e+01
1.807768676963434018e+01
1.833434106754062043e+01
1.859463916287923269e+01
1.885863278772649565e+01
1.912637440861443139e+01
1.939791723695799419e+01
1.967331523963043693e+01
1.995262314968879735e+01
2.061986009502220085e+01
2.130941015366796876e+01
2.202201949987375684e+01
2.275845926074788750e+01
2.351952635070959019e+01
2.430604433384408836e+01
2.511886431509580930e+01
2.595886586126394846e+01
2.682695795279725814e+01
2.772407996741774383e+01
2.865120269663781727e+01
2.960932939627084082e+01
3.059949687207195979e+01
3.162277660168379256e+01
3.268027589410124989e+01
3.377313908791010277e+01
3.490254878959581220e+01
3.606972715326291024e+01
3.727593720314939674e+01
3.852248420036752918e+01
3.981071705534973404e+01
4.114202978752842199e+01
4.251786303382890253e+01
4.393970560760790534e+01
4.540909610972477140e+01
4.692762459348838178e+01
4.849693428528198069e+01
5.011872336272722350e+01
5.179474679231212519e+01
5.352681822847105764e+01
5.531681197617227497e+01
5.716666501913615406e+01
5.907837911587943580e+01
6.105402296585329935e+01
6.309573444801932851e+01
6.520572293428614330e+01
6.738627168030947701e+01
6.963974029624321815e+01
7.196856730011521108e+01
7.437527275659046211e+01
7.686246100397738701e+01
7.943282347242814012e+01
8.208914159638253238e+01
8.483428982440720745e+01
8.767123872968682008e+01
9.060305822453379676e+01
9.363292088239417410e+01
9.676410537094535869e+01
1.000000000000000000e+02
1.023773966339584689e+02
1.048113134154685184e+02
1.073030940526156485e+02
1.098541141987558376e+02
1.124657822119819599e+02
1.151395399326446949e+02
1.178768634793587893e+02
1.206792640639328908e+02
1.235482888256746890e+02
1.264855216855295765e+02
1.294925842205261688e+02
1.325711365590109381e+02
1.357228782971653800e+02
1.389495494373137490e+02
1.422529313485369187e+02
1.456348477501244361e+02
1.490971657184064441e+02
1.526417967175233343e+02
1.562706976546994895e+02
1.599858719606057207e+02
1.637893706954064612e+02
1.676832936811008210e+02
1.716697906607860205e+02
1.757510624854791104e+02
1.799293623291553388e+02
1.842069969326716432e+02
1.885863278772649778e+02
1.930697728883249624e+02
1.976598071701634751e+02
2.023589647725157477e+02
2.071698399895307716e+02
2.120950887920190269e+02
2.171374302937517484e+02
2.222996482526195621e+02
2.275845926074788679e+02
2.329951810515371733e+02
2.385344006431418791e+02
2.442053094548649597e+02
2.500110382617930611e+02
2.559547922699535718e+02
2.620398528858348755e+02
2.682695795279724393e+02
2.746474114816053316e+02
2.811768697974230804e+02
2.878615592354568093e+02
2.947051702551809740e+02
3.017114810529295710e+02
3.088843596477481697e+02
3.162277660168379043e+02
3.298886297007827011e+02
3.441396351010668013e+02
3.590062760117446601e+02
3.745151475446003815e+02
3.906939937054617076e+02
4.075717570257834836e+02
4.251786303382889969e+02
4.435461107892891732e+02
4.627070561843046335e+02
4.826957437677871212e+02
5.035479315420921012e+02
5.253009222353970245e+02
5.479936300329979986e+02
5.716666501913615548e+02
5.963623316594643029e+02
6.221248528373346289e+02
6.490003006073211509e+02
6.770367527794676334e+02
7.062843640984827971e+02
7.367954559661628764e+02
7.686246100397737564e+02
8.018287658738300934e+02
8.364673227799457891e+02
8.726022460869733095e+02
9.102981779915218112e+02
9.496225531971555256e+02
9.906457195491425409e+02
1.033441063880555930e+03
1.078085143294858426e+03
1.124657822119819684e+03
1.173242414777768090e+03
1.223925834827757853e+03
1.276798750446274653e+03
1.331955746624620588e+03
1.389495494373137490e+03
1.449520927234957071e+03
1.512139425425048557e+03
1.577463007923968917e+03
1.645608532869958026e+03
1.716697906607860205e+03
1.790858301768842693e+03
1.868222384771036559e+03
1.948928553148080709e+03
2.033121183130123654e+03
2.120950887920190326e+03
2.212574787127942727e+03
2.308156787842827725e+03
2.407867877849433626e+03
2.511886431509579779e+03
2.523717948083160536e+03
2.535605193603194493e+03
2.547548430564805585e+03
2.559547922699535775e+03
2.571603934981148086e+03
2.583716733631498300e+03
2.595886586126393468e+03
2.608113761201518173e+03
2.620398528858348527e+03
2.632741160370133457e+03
2.645141928287875544e+03
2.657601106446341873e+03
2.670118969970130820e+03
2.682695795279724734e+03
2.695331860097615390e+03
2.708027443454415788e+03
2.720782825695043357e+03
2.733598288484887689e+03
2.746474114816053316e+03
2.759410589013586559e+03
2.772407996741772877e+03
2.785466625010437383e+03
2.798586762181273571e+03
2.811768697974230690e+03
2.825012723473889309e+03
2.838319131135910538e+03
2.851688214793472525e+03
2.865120269663781983e+03
2.878615592354568435e+03
2.892174480870656225e+03
2.905797234620535164e+03
2.919484154422963002e+03
2.933235542513630662e+03
2.947051702551809740e+03
2.960932939627084124e+03
2.974879560266062072e+03
2.988891872439168765e+03
3.002970185567423414e+03
3.017114810529295482e+03
3.031326059667546360e+03
3.045604246796146072e+03
3.059949687207195893e+03
3.074362697677879623e+03
3.088843596477481697e+03
3.103392703374388475e+03
3.118010339643177304e+03
3.132696828071682830e+03
3.147452492968152001e+03
3.162277660168379498e+03
3.237457542817643116e+03
3.314424749466424601e+03
3.393221771895329766e+03
3.473892112083115535e+03
3.556480306223128537e+03
3.641031949310673099e+03
3.727593720314941947e+03
3.816213407949356679e+03
3.906939937054617076e+03
3.999823395608932969e+03
4.094915062380423024e+03
4.192267435236918573e+03
4.291934260128778078e+03
4.393970560760790249e+03
4.498432668969444421e+03
4.605378255822416577e+03
4.714866363457394073e+03
4.826957437677870985e+03
4.941713361323832942e+03
5.059197488435822379e+03
5.179474679231212576e+03
5.302611335911987226e+03
5.428675439323859791e+03
5.557736586486875240e+03
5.689866029018298832e+03
5.825136712468926817e+03
5.963623316594642347e+03
6.105402296585326440e+03
6.250551925273975939e+03
6.399152336349266079e+03
6.551285568595509176e+03
6.707035611184305708e+03
6.866488450042998011e+03
7.029732115325475206e+03
7.196856730011520995e+03
7.367954559661628991e+03
7.543120063354615013e+03
7.722449945836254301e+03
7.906043210907701905e+03
8.094001216083123836e+03
8.286427728546841536e+03
8.483428982440716936e+03
8.685113737513529486e+03
8.891593339164641293e+03
9.102981779915216975e+03
9.319395762340775036e+03
9.540954763499943510e+03
9.767781100894892006e+03
1.000000000000000000e+04
1.023773966339585786e+04
1.048113134154685213e+04
1.073030940526156519e+04
1.098541141987557239e+04
1.124657822119819502e+04
1.151395399326448023e+04
1.178768634793586534e+04
1.206792640639328965e+04
1.235482888256748083e+04
1.264855216855295839e+04
1.294925842205263143e+04
1.325711365590108107e+04
1.357228782971653709e+04
1.389495494373138899e+04
1.422529313485369130e+04
1.456348477501244452e+04
1.490971657184063042e+04
1.526417967175233389e+04
1.562706976546996339e+04
1.599858719606057275e+04
1.637893706954064692e+04
1.676832936811006584e+04
1.716697906607860205e+04
1.757510624854793059e+04
1.799293623291551557e+04
1.842069969326716455e+04
1.885863278772647755e+04
1.930697728883249511e+04
1.976598071701634763e+04
2.023589647725155373e+04
2.071698399895307739e+04
2.120950887920192690e+04
2.171374302937517496e+04
2.222996482526195541e+04
2.275845926074786257e+04
2.329951810515371835e+04
2.385344006431421440e+04
2.442053094548649824e+04
2.500110382617930736e+04
2.559547922699533228e+04
2.620398528858348800e+04
2.682695795279727099e+04
2.746474114816050496e+04
2.811768697974230963e+04
2.878615592354571345e+04
2.947051702551809649e+04
3.017114810529295573e+04
3.088843596477478422e+04
3.162277660168379225e+04
3.314424749466424691e+04
3.473892112083111715e+04
3.641031949310677010e+04
3.816213407949356770e+04
3.999823395608933060e+04
4.192267435236914025e+04
4.393970560760795343e+04
4.605378255822416395e+04
4.826957437677871349e+04
5.059197488435822015e+04
5.302611335911981587e+04
5.557736586486880697e+04
5.825136712468926999e+04
6.105402296585326258e+04
6.399152336349259713e+04
6.707035611184312438e+04
7.029732115325475752e+04
7.367954559661629901e+04
7.722449945836253755e+04
8.094001216083116014e+04
8.483428982440725667e+04
8.891593339164640929e+04
9.319395762340775400e+04
9.767781100894881820e+04
1.023773966339585750e+05
1.073030940526156483e+05
1.124657822119819612e+05
1.178768634793586680e+05
1.235482888256748120e+05
1.294925842205263179e+05
1.357228782971653854e+05
1.422529313485369203e+05
1.490971657184062933e+05
1.562706976546996448e+05
1.637893706954064546e+05
1.716697906607860350e+05
1.799293623291551485e+05
1.885863278772647609e+05
1.976598071701634617e+05
2.071698399895307666e+05
2.171374302937517350e+05
2.275845926074786403e+05
2.385344006431421440e+05
2.500110382617930591e+05
2.620398528858348727e+05
2.746474114816050278e+05
2.878615592354571563e+05
3.017114810529295355e+05
3.162277660168379080e+05
3.237457542817646754e+05
3.314424749466424691e+05
3.393221771895329584e+05
3.473892112083112006e+05
3.556480306223128573e+05
3.641031949310677010e+05
3.727593720314938109e+05
3.816213407949357061e+05
3.906939937054620823e+05
3.999823395608932478e+05
4.094915062380427262e+05
4.192267435236914316e+05
4.291934260128778405e+05
4.393970560760794906e+05
4.498432668969443766e+05
4.605378255822416977e+05
4.714866363457389525e+05
4.826957437677871203e+05
4.941713361323838471e+05
5.059197488435822306e+05
5.179474679231212358e+05
5.302611335911981296e+05
5.428675439323859755e+05
5.557736586486881133e+05
5.689866029018292902e+05
5.825136712468926562e+05
5.963623316594636999e+05
6.105402296585326549e+05
6.250551925273976522e+05
6.399152336349260295e+05
6.551285568595508812e+05
6.707035611184312729e+05
6.866488450042997720e+05
7.029732115325474879e+05
7.196856730011514155e+05
7.367954559661629610e+05
7.543120063354622107e+05
7.722449945836254628e+05
7.906043210907701869e+05
8.094001216083115432e+05
8.286427728546842700e+05
8.483428982440725667e+05
8.685113737513520755e+05
8.891593339164641220e+05
9.102981779915227089e+05
9.319395762340775691e+05
9.540954763499944238e+05
9.767781100894882111e+05
1.000000000000000000e+06
1.023773966339585837e+06
1.048113134154685191e+06
1.073030940526156453e+06
1.098541141987557290e+06
1.124657822119819699e+06
1.151395399326448096e+06
1.178768634793586563e+06
1.206792640639328863e+06
1.235482888256748207e+06
1.264855216855295701e+06
1.294925842205263209e+06
1.325711365590108093e+06
1.357228782971653622e+06
1.389495494373138761e+06
1.422529313485369086e+06
1.456348477501244284e+06
1.490971657184062991e+06
1.526417967175233411e+06
1.562706976546996506e+06
1.599858719606057275e+06
1.637893706954064546e+06
1.676832936811006628e+06
1.716697906607860234e+06
1.757510624854793074e+06
1.799293623291551601e+06
1.842069969326716382e+06
1.885863278772647725e+06
1.930697728883249685e+06
1.976598071701634675e+06
2.023589647725155577e+06
2.071698399895307608e+06
2.120950887920192443e+06
2.171374302937517408e+06
2.222996482526195701e+06
2.275845926074786577e+06
2.329951810515371617e+06
2.385344006431421265e+06
2.442053094548649620e+06
2.500110382617930882e+06
2.559547922699533403e+06
2.620398528858348727e+06
2.682695795279727317e+06
2.746474114816050511e+06
2.811768697974230628e+06
2.878615592354571447e+06
2.947051702551809605e+06
3.017114810529295355e+06
3.088843596477478743e+06
3.162277660168379080e+06
3.393221771895329468e+06
3.641031949310677126e+06
3.906939937054621056e+06
4.192267435236914083e+06
4.498432668969443999e+06
4.826957437677871436e+06
5.179474679231212474e+06
5.557736586486880668e+06
5.963623316594636068e+06
6.399152336349260062e+06
6.866488450042998418e+06
7.367954559661629610e+06
7.906043210907701403e+06
8.483428982440724969e+06
9.102981779915226623e+06
9.767781100894883275e+06
1.048113134154685214e+07
1.124657822119819559e+07
1.206792640639328957e+07
1.294925842205263115e+07
1.389495494373136014e+07
1.490971657184062898e+07
1.599858719606057368e+07
1.716697906607860327e+07
1.842069969326716289e+07
1.976598071701634675e+07
2.120950887920192629e+07
2.275845926074786484e+07
2.442053094548649713e+07
2.620398528858348727e+07
2.811768697974230722e+07
3.017114810529295728e+07
3.237457542817639932e+07
3.473892112083111703e+07
3.727593720314937830e+07
3.999823395608932525e+07
4.291934260128778219e+07
4.605378255822416395e+07
4.941713361323837936e+07
5.302611335911992192e+07
5.689866029018293321e+07
6.105402296585326642e+07
6.551285568595509231e+07
7.029732115325474739e+07
7.543120063354606926e+07
8.094001216083115339e+07
8.685113737513519824e+07
9.319395762340775132e+07
1.000000000000000000e+08
