8.000000018420680981e-01
8.066473049352462787e-01
8.133498413263129390e-01
8.201080699558569442e-01
8.269224535778636476e-01
8.337934587914007656e-01
8.407215560725680437e-01
8.477072198067112652e-01
8.547509283209058228e-01
8.618531639167078540e-01
8.690144129031796005e-01
8.762351656301877734e-01
8.835159165219794719e-01
8.908571641110364370e-01
8.982594110722111891e-01
9.057231642571460517e-01
9.132489347289793891e-01
9.208372377973386147e-01
9.284885930536256327e-01
9.362035244065938233e-01
9.439825601182221249e-01
9.518262328398865435e-01
9.597350796488315350e-01
9.677096420849460312e-01
9.757504661878433350e-01
9.838581025342503228e-01
9.920331062757070661e-01
1.000276037176579091e+00
1.008587459652386054e+00
1.016967942808449266e+00
1.025418060478859195e+00
1.033938391265767809e+00
1.042529518579006664e+00
1.051192030676035172e+00
1.059926520702219488e+00
1.068733586731447138e+00
1.077613831807078926e+00
1.086567863983239901e+00
1.095596296366455835e+00
1.104699747157633416e+00
1.113878839694390166e+00
1.123134202493736744e+00
1.132466469295111855e+00
1.141876279103777314e+00
1.151364276234572159e+00
1.160931110356029805e+00
1.170577436534863569e+00
1.180303915280821014e+00
1.190111212591909551e+00
1.199999999999999956e+00
1.226503330164812500e+00
1.253592015754479094e+00
1.281278984992407333e+00
1.309577451636148693e+00
1.338500921283737544e+00
1.368063197819311183e+00
1.398278390001089777e+00
1.429160918194857688e+00
1.460725521256161619e+00
1.492987263564511613e+00
1.525961542212936672e+00
1.559664094356333353e+00
1.594111004722107428e+00
1.629318713286699971e+00
1.665304023121654042e+00
1.702084108412973862e+00
1.739676522657598534e+00
1.778099207040904517e+00
1.817370498999234529e+00
1.857509140971540296e+00
1.898534289344311787e+00
1.940465523594070207e+00
1.983322855631777903e+00
2.027126739353634743e+00
2.071898080402808873e+00
2.117658246146772782e+00
2.164429075874994002e+00
2.212232891221856512e+00
2.261092506819782244e+00
2.311031241187639029e+00
2.362072927859632632e+00
2.414241926759990164e+00
2.467563135828867438e+00
2.522062002905028244e+00
2.577764537870961714e+00
2.634697325066244655e+00
2.692887535975060143e+00
2.752362942193939510e+00
2.813151928685906800e+00
2.875283507327357935e+00
2.938787330754139226e+00
3.003693706513426598e+00
3.070033611528172113e+00
3.137838706881007855e+00
3.207141352924670397e+00
3.277974624726159192e+00
3.350372327851987464e+00
3.424369014502081310e+00
3.500000000000000444e+00
3.538712275844261068e+00
3.577852734631676412e+00
3.617426112344020339e+00
3.657437197346103730e+00
3.697890830965167019e+00
3.738791908076677384e+00
3.780145377696606079e+00
3.821956243580262313e+00
3.864229564827740493e+00
3.906970456496071442e+00
3.950184090218143762e+00
3.993875694828467715e+00
4.038050556995863793e+00
4.082714021863147913e+00
4.127871493693890059e+00
4.173528436526328989e+00
4.219690374834521585e+00
4.266362894196797484e+00
4.313551641971614892e+00
4.361262327980891307e+00
4.409500725200885540e+00
4.458272670460726061e+00
4.507584065148670049e+00
4.557440875926164203e+00
4.607849135449810341e+00
4.658814943101316608e+00
4.710344465725516905e+00
4.762443938376559771e+00
4.815119665072348454e+00
4.868378019557321856e+00
4.922225446073674959e+00
4.976668460141115524e+00
5.031713649345234352e+00
5.087367674134600115e+00
5.143637268626677361e+00
5.200529241422647608e+00
5.258050476431247233e+00
5.316207933701718957e+00
5.375008650265978183e+00
5.434459740990087440e+00
5.494568399435155293e+00
5.555341898727752969e+00
5.616787592439960619e+00
5.678912915479146228e+00
5.741725384987592662e+00
5.805232601252059865e+00
5.869442248623420788e+00
5.934362096446468726e+00
6.000000000000000000e+00
6.236855964525539697e+00
6.483062053706301064e+00
6.738987373007889303e+00
7.005015598701094248e+00
7.281545553058893283e+00
7.568991802259964707e+00
7.867785277894995488e+00
8.178373923007606905e+00
8.501223363638354513e+00
8.836817606878623721e+00
9.185659766480878119e+00
9.548272817113089062e+00
9.925200378388144173e+00
1.031700752984353819e+01
1.072428165809326650e+01
1.114763333742180151e+01
1.158769724514048782e+01
1.204513311307843892e+01
1.252062671663455973e+01
1.301489090287334882e+01
1.352866665920580225e+01
1.406272422425758784e+01
1.461786424258978379e+01
1.519491896500345440e+01
1.579475349622734370e+01
1.641826709185935940e+01
1.706639450650607515e+01
1.774010739514137924e+01
1.844041576978519714e+01
1.916836951368593134e+01
1.992505995527693941e+01
2.071162150426633275e+01
2.152923335231315605e+01
2.237912124083942089e+01
2.326255929862824701e+01
2.418087195196311256e+01
2.513543591017156942e+01
2.612768222955050490e+01
2.715909845876667816e+01
2.823123086894922906e+01
2.934568677181726315e+01
3.050413692931777732e+01
3.170831805838656692e+01
3.296003543458684959e+01
3.426116559852935950e+01
3.561365916913085528e+01
3.701954376792891566e+01
3.848092705883696141e+01
3.999999990789658000e+01
