1.584893192461113598e+00
1.604608644394861061e+00
1.624569348845813499e+00
1.644778356659439167e+00
1.665238756632532846e+00
1.685953675985312872e+00
1.706926280839396126e+00
1.728159776701714279e+00
1.749657408954453430e+00
1.771422463351084664e+00
1.793458266518568767e+00
1.815768186465806178e+00
1.838355633098411435e+00
1.861224058739892051e+00
1.884376958659311319e+00
1.907817871605512972e+00
1.931550380347994533e+00
1.955578112224505283e+00
1.979904739695458105e+00
2.004533980905239154e+00
2.029469600250497052e+00
2.054715408955503975e+00
2.080275265654671468e+00
2.106153076982316907e+00
2.132352798169760977e+00
2.158878433649856543e+00
2.185734037669035068e+00
2.212923714906971373e+00
2.240451621103949353e+00
2.268321963696038779e+00
2.296539002458169776e+00
2.325107050155208022e+00
2.354030473201128792e+00
2.383313692326390232e+00
2.412961183253609754e+00
2.442977477381646167e+00
2.473367162478187442e+00
2.504134883380960463e+00
2.535285342707656930e+00
2.566823301574694849e+00
2.598753580324920875e+00
2.631081059264361866e+00
2.663810679408145088e+00
2.696947443235694575e+00
2.730496415455323067e+00
2.764462723778336795e+00
2.798851559702765002e+00
2.833668179306844337e+00
2.868917904052371792e+00
2.904606121598046986e+00
2.940738286622940567e+00
2.977319921660197544e+00
3.014356617941118088e+00
3.051854036249733504e+00
3.089817907788017681e+00
3.128254035051856619e+00
3.167168292717917222e+00
3.206566628541547281e+00
3.246455064265850954e+00
3.286839696542056100e+00
3.327726697861356886e+00
3.369122317498320918e+00
3.411032882466050076e+00
3.453464798483219411e+00
3.496424550953134869e+00
3.539918705954992806e+00
3.583953911247440338e+00
3.628536897284651896e+00
3.673674478245017028e+00
3.719373553072642835e+00
3.765641106531804283e+00
3.812484210274513785e+00
3.859910023921375721e+00
3.907925796155867992e+00
3.956538865832268659e+00
4.005756663097324477e+00
4.055586710525912686e+00
4.106036624270798185e+00
4.157114115226709039e+00
4.208826990208893726e+00
4.261183153146325786e+00
4.314190606289773910e+00
4.367857451434871585e+00
4.422191891160429655e+00
4.477202230082130363e+00
4.532896876121829344e+00
4.589284341792647659e+00
4.646373245500038607e+00
4.704172312859056682e+00
4.762690378027988558e+00
4.821936385058609886e+00
4.881919389263193132e+00
4.942648558598564001e+00
5.004133175067347672e+00
5.066382636136649076e+00
5.129406456174401718e+00
5.193214267903544012e+00
5.257815823874337546e+00
5.323220997954945410e+00
5.389439786840603652e+00
5.456482311581517308e+00
5.524358819129811415e+00
5.593079683905690658e+00
5.662655409383081206e+00
5.733096629695035418e+00
5.804414111259052156e+00
5.876618754422666235e+00
5.949721595129466856e+00
6.023733806605875429e+00
6.098666701068885310e+00
6.174531731455036976e+00
6.251340493170940427e+00
6.329104725865518866e+00
6.407836315224352042e+00
6.487547294786292440e+00
6.568249847782722917e+00
6.649956308999654730e+00
6.732679166663022130e+00
6.816431064347413304e+00
6.901224802908530798e+00
6.987073342439733992e+00
7.073989804252864388e+00
7.161987472883769357e+00
7.251079798122717079e+00
7.341280397070119257e+00
7.432603056217797821e+00
7.525061733556131394e+00
7.618670560707461625e+00
7.713443845085972583e+00
7.809396072084504148e+00
7.906541907288508142e+00
8.004896198717604605e+00
8.104473979094956704e+00
8.205290468144941229e+00
8.307361074919359822e+00
8.410701400152584384e+00
8.515327238646040797e+00
8.621254581682295637e+00
8.728499619469239690e+00
8.837078743614602772e+00
8.947008549631323859e+00
9.058305839474037668e+00
9.170987624107112879e+00
9.285071126104689654e+00
9.400573782282974022e+00
9.517513246365377100e+00
9.635907391680706979e+00
9.755774313895019034e+00
9.877132333777359108e+00
1.000000000000000000e+01
1.004646840601760438e+01
1.009315274331098600e+01
1.014005401527837336e+01
1.018717322998061370e+01
1.023451140016284810e+01
1.028206954327630562e+01
1.032984868150012581e+01
1.037784984176335712e+01
1.042607405576703705e+01
1.047452236000633619e+01
1.052319579579285680e+01
1.057209540927702207e+01
1.062122225147053634e+01
1.067057737826898567e+01
1.072016185047455217e+01
1.076997673381878151e+01
1.082002309898549974e+01
1.087030202163385084e+01
1.092081458242137870e+01
1.097156186702726721e+01
1.102254496617569579e+01
1.107376497565925177e+01
1.112522299636249201e+01
1.117692013428562881e+01
1.122885750056826026e+01
1.128103621151327829e+01
1.133345738861086716e+01
1.138612215856258736e+01
1.143903165330559446e+01
1.149218701003699827e+01
1.154558937123826112e+01
1.159923988469977907e+01
1.165313970354556261e+01
1.170728998625798489e+01
1.176169189670270576e+01
1.181634660415370064e+01
1.187125528331835689e+01
1.192641911436273716e+01
1.198183928293697065e+01
1.203751698020069050e+01
1.209345340284866133e+01
1.214964975313651685e+01
1.220610723890655969e+01
1.226282707361374769e+01
1.231981047635178328e+01
1.237705867187928810e+01
1.243457289064614280e+01
1.249235436881994588e+01
1.255040434831255780e+01
1.260872407680680141e+01
1.266731480778330265e+01
1.272617780054738468e+01
1.278531432025619097e+01
1.284472563794582634e+01
1.290441303055870037e+01
1.296437778097098814e+01
1.302462117802016550e+01
1.308514451653273092e+01
1.314594909735205874e+01
1.320703622736631111e+01
1.326840721953655056e+01
1.333006339292498410e+01
1.339200607272326948e+01
1.345423659028101504e+01
1.351675628313442523e+01
1.357956649503499413e+01
1.364266857597842275e+01
1.370606388223363936e+01
1.376975377637192643e+01
1.383373962729620921e+01
1.389802281027051123e+01
1.396260470694946854e+01
1.402748670540804632e+01
1.409267020017139238e+01
1.415815659224476697e+01
1.422394728914368578e+01
1.429004370492417841e+01
1.435644726021315343e+01
1.442315938223893568e+01
1.449018150486198664e+01
1.455751506860565669e+01
1.462516152068718611e+01
1.469312231504881971e+01
1.476139891238902280e+01
1.482999278019388711e+01
1.489890539276870562e+01
1.496813823126961118e+01
1.503769278373543017e+01
1.510757054511969244e+01
1.517777301732271411e+01
1.524830170922390593e+01
1.531915813671422200e+01
1.539034382272869372e+01
1.546186029727919475e+01
1.553370909748734086e+01
1.560589176761748043e+01
1.567840985910991591e+01
1.575126493061427091e+01
1.582445854802293361e+01
1.589799228450475432e+01
1.597186772053886550e+01
1.604608644394861372e+01
1.612065004993570483e+01
1.619556014111451603e+01
1.627081832754650037e+01
1.634642622677480261e+01
1.642238546385906162e+01
1.649869767141028376e+01
1.657536448962595443e+01
1.665238756632532713e+01
1.672976855698478005e+01
1.680750912477342141e+01
1.688561094058887946e+01
1.696407568309313874e+01
1.704290503874866403e+01
1.712210070185467004e+01
1.720166437458347986e+01
1.728159776701713923e+01
1.736190259718420847e+01
1.744258059109661474e+01
1.752363348278679211e+01
1.760506301434497445e+01
1.768687093595658411e+01
1.776905900593987653e+01
1.785162899078375531e+01
1.793458266518569388e+01
1.801792181208989874e+01
1.810164822272566099e+01
1.818576369664581094e+01
1.827027004176539648e+01
1.835516907440059953e+01
1.844046261930770214e+01
1.852615250972233696e+01
1.861224058739892229e+01
1.869872870265017895e+01
1.878561871438694908e+01
1.887291249015815353e+01
1.896061190619089132e+01
1.904871884743079136e+01
1.913723520758255248e+01
1.922616288915059002e+01
1.931550380347994178e+01
1.940525987079741199e+01
1.949543302025274727e+01
1.958602518996015007e+01
1.967703832703995914e+01
1.976847438766044363e+01
1.986033533707987786e+01
1.995262314968879735e+01
2.016963256213730560e+01
2.038900221988979666e+01
2.061075779352817250e+01
2.083492523283360498e+01
2.106153076982316819e+01
2.129060092181953578e+01
2.152216249455398511e+01
2.175624258530321953e+01
2.199286858606028972e+01
2.223206818673999408e+01
2.247386937841913479e+01
2.271830045661204522e+01
2.296539002458169421e+01
2.321516699668688588e+01
2.346766060176575408e+01
2.372290038655613742e+01
2.398091621915312999e+01
2.424173829250424461e+01
2.450539712794257596e+01
2.477192357875839690e+01
2.504134883380959664e+01
2.531370442117144748e+01
2.558902221182592029e+01
2.586733442339128075e+01
2.614867362389217931e+01
2.643307273557074311e+01
2.672056503873912803e+01
2.701118417567397856e+01
2.730496415455322534e+01
2.760193935343576044e+01
2.790214452428427805e+01
2.820561479703198415e+01
2.851238568369348769e+01
2.882249308252039555e+01
2.913597328220213001e+01
2.945286296611242349e+01
2.977319921660198077e+01
3.009701951933784514e+01
3.042436176769001932e+01
3.075526426716564288e+01
3.108976573989156122e+01
3.142790532914555968e+01
3.176972260393689851e+01
3.211525756363666773e+01
3.246455064265848733e+01
3.281764271519021747e+01
3.317457509997690579e+01
3.353538956515598812e+01
3.390012833314499119e+01
3.426883408558233413e+01
3.464154996832196787e+01
3.501831959648228576e+01
3.539918705954993072e+01
3.578419692653913131e+01
3.617339425120724172e+01
3.656682457732679836e+01
3.696453394401510906e+01
3.736656889112173729e+01
3.777297646467456360e+01
3.818380422238512040e+01
3.859910023921373323e+01
3.901891311299538501e+01
3.944329197012636712e+01
3.987228647131332337e+01
4.030594681738432428e+01
4.074432375516344251e+01
4.118746858340912809e+01
4.163543315881716467e+01
4.208826990208893193e+01
4.254603180406564178e+01
4.300877243192941535e+01
4.347654593547146362e+01
4.394940705342899889e+01
4.442741111989048619e+01
4.491061407077096135e+01
4.539907245035758621e+01
4.589284341792647837e+01
4.639198475443144076e+01
4.689655486926547923e+01
4.740661280709593939e+01
4.792221825477373898e+01
4.844343154831803844e+01
4.897031367997669804e+01
4.950292630536358018e+01
5.004133175067347139e+01
5.058559301997546953e+01
5.113577380258578842e+01
5.169193848052045581e+01
5.225415213602956044e+01
5.282248055921292718e+01
5.339699025571898972e+01
5.397774845452719461e+01
5.456482311581517308e+01
5.515828293891139111e+01
5.575819737033430101e+01
5.636463661191910290e+01
5.697767162903245008e+01
5.759737415887715883e+01
5.822381671888660293e+01
5.885707261521080369e+01
5.949721595129467033e+01
6.014432163654957719e+01
6.079846539511925130e+01
6.145972377474092241e+01
6.212817415570309265e+01
6.280389475990033787e+01
6.348696465998695260e+01
6.417746378862997858e+01
6.487547294786291729e+01
6.558107381854114237e+01
6.629434896990012760e+01
6.701538186921789020e+01
6.774425689158192654e+01
6.848105932976321242e+01
6.922587540419675634e+01
6.997879227307134897e+01
7.073989804252863678e+01
7.150928177697335286e+01
7.228703350949572837e+01
7.307324425240675225e+01
7.386800600788896531e+01
7.467141177876195002e+01
7.548355557936605464e+01
7.630453244656348488e+01
7.713443845085971873e+01
7.797337070764559996e+01
7.882142738856170183e+01
7.967870773298659515e+01
8.054531205964930507e+01
8.142134177836925346e+01
8.230689940192250731e+01
8.320208855803846859e+01
8.410701400152584029e+01
8.502178162653127913e+01
8.594649847893104777e+01
8.688127276885740002e+01
8.782621388336158930e+01
8.878143239921381280e+01
8.974704009584344533e+01
9.072314996841903678e+01
9.170987624107114300e+01
9.270733438025874307e+01
9.371564110828111893e+01
9.473491441693684578e+01
9.576527358133066059e+01
9.680683917383173309e+01
9.785973307818218814e+01
9.892407850376075373e+01
1.000000000000000000e+02
1.007756724334012119e+02
1.015573615440418109e+02
1.023451140016285450e+02
1.031389768378722209e+02
1.039389974492955417e+02
1.047452236000633121e+02
1.055577034248334627e+02
1.063764854316313091e+02
1.072016185047455252e+02
1.080331519076467686e+02
1.088711352859288297e+02
1.097156186702727183e+02
1.105666524794336141e+02
1.114242875232509817e+02
1.122885750056825458e+02
1.131595665278606759e+02
1.140373140911735845e+02
1.149218701003699721e+02
1.158132873666876890e+02
1.167116191110068115e+02
1.176169189670271180e+02
1.185292409844701780e+02
1.194486396323062820e+02
1.203751698020068375e+02
1.213088868108209084e+02
1.222498464050783156e+02
1.231981047635178328e+02
1.241537185006411761e+02
1.251167446700931976e+02
1.260872407680680851e+02
1.270652647367420656e+02
1.280508749677332503e+02
1.290441303055870037e+02
1.300450900512897761e+02
1.310538139658094110e+02
1.320703622736631075e+02
1.330947956665130221e+02
1.341271753067898374e+02
1.351675628313443269e+02
1.362160203551271707e+02
1.372726104748980731e+02
1.383373962729620814e+02
1.394104413209364566e+02
1.404918096835459096e+02
1.415815659224476804e+02
1.426797751000858625e+02
1.437865027835760827e+02
1.449018150486197953e+02
1.460257784834499262e+02
1.471584601928055918e+02
1.482999278019388498e+02
1.494502494606524010e+02
1.506094938473680145e+02
1.517777301732271553e+02
1.529550281862229326e+02
1.541414581753645336e+02
1.553370909748733197e+02
1.565419979684127725e+02
1.577562510933492490e+02
1.589799228450475539e+02
1.602130862811990824e+02
1.614558150261836431e+02
1.627081832754650179e+02
1.639702658000207123e+02
1.652421379508061534e+02
1.665238756632531931e+02
1.678155554618043652e+02
1.691172544644806806e+02
1.704290503874866545e+02
1.717510215498498383e+02
1.730832468780969862e+02
1.744258059109661474e+02
1.757787788041554222e+02
1.771422463351085241e+02
1.785162899078374608e+02
1.799009915577831293e+02
1.812964339567122920e+02
1.827027004176539435e+02
1.841198748998732810e+02
1.855480420138844124e+02
1.869872870265018037e+02
1.884376958659311754e+02
1.898993551268996214e+02
1.913723520758254324e+02
1.928567746560291312e+02
1.943527114929826496e+02
1.958602518996014794e+02
1.973794858815768691e+02
1.989105041427492893e+02
2.004533980905239616e+02
2.020082598413281687e+02
2.035751822261108259e+02
2.051542587958848287e+02
2.067455838273130837e+02
2.083492523283359503e+02
2.099653600438443846e+02
2.115940034613960847e+02
2.132352798169761456e+02
2.148892871008023633e+02
2.165561240631756732e+02
2.182358902203758362e+02
2.199286858606027977e+02
2.216346120499650567e+02
2.233537706385123442e+02
2.250862642663174427e+02
2.268321963696038779e+02
2.285916711869213884e+02
2.303647937653694839e+02
2.321516699668687522e+02
2.339524064744823022e+02
2.357671107987836194e+02
2.375958912842762629e+02
2.394388571158623051e+02
2.412961183253609647e+02
2.431677857980779720e+02
2.450539712794257525e+02
2.469547873815951675e+02
2.488703475902785272e+02
2.508007662714460935e+02
2.527461586781726908e+02
2.547066409575197667e+02
2.566823301574694369e+02
2.586733442339128146e+02
2.606798020576923136e+02
2.627018234216986343e+02
2.647395290480230869e+02
2.667930405951645412e+02
2.688624806652941288e+02
2.709479728115734929e+02
2.730496415455322676e+02
2.751676123445017765e+02
2.773020116591063697e+02
2.794529669208130827e+02
2.816206065495396160e+02
2.838050599613216605e+02
2.860064575760391108e+02
2.882249308252037849e+02
2.904606121598046116e+02
2.927136350582165960e+02
2.949841340341698128e+02
2.972722446447801303e+02
2.995781034986427471e+02
3.019018482639878584e+02
3.042436176769003282e+02
3.066035515496023436e+02
3.089817907788016669e+02
3.113784773541022446e+02
3.137937543664824034e+02
3.162277660168379043e+02
3.206566628541547175e+02
3.251475881700035302e+02
3.297014106981322925e+02
3.343190113392540752e+02
3.390012833314498835e+02
3.437491324229590077e+02
3.485634770473882895e+02
3.534452485013760565e+02
3.583953911247440374e+02
3.634148624831723851e+02
3.685046335534329955e+02
3.736656889112173872e+02
3.788990269215949525e+02
3.842056599321387012e+02
3.895866144687560109e+02
3.950429314342617317e+02
4.005756663097324690e+02
4.061858893586812087e+02
4.118746858340912809e+02
4.176431561883495647e+02
4.234924162861206582e+02
4.294235976202018037e+02
4.354378475304011999e+02
4.415363294254816537e+02
4.477202230082129972e+02
4.539907245035759047e+02
4.603490468901622421e+02
4.667964201348161737e+02
4.733340914305613296e+02
4.799633254378603624e+02
4.866854045292536739e+02
4.935016290374238110e+02
5.004133175067347565e+02
5.074218069482936926e+02
5.145284530985852598e+02
5.217346306817280492e+02
5.290417336754035205e+02
5.364511755805107214e+02
5.439643896945960932e+02
5.515828293891139538e+02
5.593079683905690445e+02
5.671413010655978724e+02
5.750843427100417102e+02
5.831386298420682124e+02
5.913057204993992855e+02
5.995871945407004660e+02
6.079846539511925130e+02
6.164997231525421739e+02
6.251340493170940817e+02
6.338893026865027878e+02
6.427671768948281397e+02
6.517693892961545998e+02
6.608976812968005561e+02
6.701538186921789020e+02
6.795395920083764167e+02
6.890568168485164051e+02
6.987073342439733779e+02
7.084930110105050289e+02
7.184157401093735871e+02
7.284774410135238440e+02
7.386800600788897100e+02
7.490255709209014867e+02
7.595159747962662777e+02
7.701533009900947491e+02
7.809396072084504112e+02
7.918769799763963420e+02
8.029675350416168840e+02
8.142134177836925346e+02
8.256168036291059025e+02
8.371798984720611543e+02
8.489049391011964190e+02
8.607941936322730498e+02
8.728499619469239406e+02
8.850745761375480924e+02
8.974704009584348796e+02
9.100398342832069147e+02
9.227853075686697366e+02
9.357092863251579047e+02
9.488142705934677679e+02
9.621027954284713815e+02
9.755774313895018395e+02
9.892407850376080205e+02
1.003095499439772652e+03
1.017144254680193171e+03
1.031389768378722238e+03
1.045834796216569202e+03
1.060482132469366206e+03
1.075334610547696911e+03
1.090395103545198026e+03
1.105666524794336283e+03
1.121151828429969328e+03
1.136854009960800113e+03
1.152776106848833024e+03
1.168921199096947930e+03
1.185292409844701751e+03
1.201892905972474864e+03
1.218725898714078539e+03
1.235794644277943462e+03
1.253102444477007111e+03
1.270652647367422105e+03
1.288448647896212151e+03
1.306493888557997707e+03
1.324791860060917998e+03
1.343346102001881718e+03
1.362160203551273071e+03
1.381237804147249335e+03
1.400582594199758432e+03
1.420198315804426102e+03
1.440088763466425462e+03
1.460257784834499489e+03
1.480709281445256920e+03
1.501447209477893239e+03
1.522475580519481809e+03
1.543798462340984543e+03
1.565419979684127838e+03
1.587344315059302971e+03
1.609575709554638252e+03
1.632118463656404629e+03
1.654976938080909576e+03
1.678155554618043425e+03
1.701658796986639800e+03
1.725491211701814336e+03
1.749657408954452649e+03
1.774162063503015361e+03
1.799009915577831407e+03
1.824205771798059686e+03
1.849754506101489824e+03
1.875661060687367581e+03
1.901930446972423397e+03
1.928567746560291198e+03
1.955578112224504594e+03
1.982966768905258959e+03
2.010739014720135174e+03
2.038900221988978728e+03
2.067455838273131121e+03
2.096411387429217484e+03
2.125772470677694400e+03
2.155544767686358227e+03
2.185734037669034478e+03
2.216346120499650624e+03
2.247386937841912641e+03
2.278862494294805401e+03
2.310778878554132916e+03
2.343142264590328978e+03
2.375958912842762857e+03
2.409235171430769242e+03
2.442977477381645258e+03
2.477192357875838297e+03
2.511886431509579779e+03
2.515771199029339186e+03
2.519661974551090225e+03
2.523558767366528173e+03
2.527461586781726965e+03
2.531370442117144648e+03
2.535285342707657037e+03
2.539206297902573169e+03
2.543133317065669871e+03
2.547066409575197667e+03
2.551005584823913978e+03
2.554950852219101762e+03
2.558902221182590438e+03
2.562859701150789988e+03
2.566823301574694597e+03
2.570793031919918121e+03
2.574768901666711827e+03
2.578750920309995308e+03
2.582739097359365132e+03
2.586733442339128032e+03
2.590733964788320009e+03
2.594740674260727701e+03
2.598753580324919767e+03
2.602772692564256886e+03
2.606798020576923136e+03
2.610829573975942822e+03
2.614867362389216851e+03
2.618911395459527284e+03
2.622961682844572351e+03
2.627018234216986457e+03
2.631081059264360192e+03
2.635150167689275349e+03
2.639225569209309924e+03
2.643307273557074495e+03
2.647395290480228141e+03
2.651489629741514364e+03
2.655590301118766547e+03
2.659697314404942517e+03
2.663810679408145461e+03
2.667930405951645298e+03
2.672056503873911424e+03
2.676188983028621351e+03
2.680327853284693902e+03
2.684473124526309221e+03
2.688624806652941061e+03
2.692782909579365423e+03
2.696947443235694209e+03
2.701118417567397955e+03
2.705295842535324027e+03
2.709479728115734815e+03
2.713670084300311373e+03
2.717866921096192527e+03
2.722070248525988518e+03
2.726280076627819653e+03
2.730496415455322676e+03
2.734719275077684415e+03
2.738948665579665885e+03
2.743184597061620025e+03
2.747427079639530803e+03
2.751676123445017765e+03
2.755931738625371509e+03
2.760193935343577778e+03
2.764462723778335203e+03
2.768738114124094864e+03
2.773020116591063470e+03
2.777308741405243381e+03
2.781603998808446704e+03
2.785905899058336217e+03
2.790214452428428103e+03
2.794529669208130599e+03
2.798851559702765826e+03
2.803180134233589797e+03
2.807515403137829708e+03
2.811857376768691665e+03
2.816206065495396160e+03
2.820561479703197165e+03
2.824923629793418513e+03
2.829292526183462542e+03
2.833668179306845104e+03
2.838050599613216946e+03
2.842439797568388258e+03
2.846835783654363240e+03
2.851238568369348741e+03
2.855648162227790181e+03
2.860064575760391108e+03
2.864487819514151397e+03
2.868917904052371341e+03
2.873354839954693034e+03
2.877798637817119470e+03
2.882249308252037736e+03
2.886706861888258118e+03
2.891171309371017287e+03
2.895642661362021045e+03
2.900120928539459328e+03
2.904606121598046229e+03
2.909098251249026362e+03
2.913597328220213058e+03
2.918103363256011562e+03
2.922616367117439040e+03
2.927136350582165960e+03
2.931663324444521550e+03
2.936197299515531540e+03
2.940738286622938631e+03
2.945286296611241141e+03
2.949841340341698015e+03
2.954403428692371108e+03
2.958972572558144293e+03
2.963548782850748012e+03
2.968132070498797930e+03
2.972722446447801758e+03
2.977319921660198361e+03
2.981924507115377310e+03
2.986536213809718447e+03
2.991155052756597343e+03
2.995781034986427130e+03
3.000414171546678972e+03
3.005054473501906159e+03
3.009701951933784585e+03
3.014356617941117747e+03
3.019018482639878584e+03
3.023687557163226757e+03
3.028363852661550482e+03
3.033047380302472902e+03
3.037738151270892104e+03
3.042436176769003396e+03
3.047141468016324325e+03
3.051854036249732872e+03
3.056573892723477002e+03
3.061301048709211955e+03
3.066035515496022981e+03
3.070777304390463996e+03
3.075526426716564401e+03
3.080282893815871375e+03
3.085046717047471702e+03
3.089817907788016328e+03
3.094596477431761286e+03
3.099382437390574069e+03
3.104175799093974092e+03
3.108976573989154531e+03
3.113784773541022332e+03
3.118600409232204584e+03
3.123423492563091258e+03
3.128254035051857500e+03
3.133092048234489994e+03
3.137937543664824261e+03
3.142790532914556024e+03
3.147651027573280317e+03
3.152519039248512854e+03
3.157394579565730055e+03
3.162277660168379498e+03
3.186806576245910037e+03
3.211525756363666460e+03
3.236436676347359480e+03
3.261540823470272244e+03
3.286839696542054753e+03
3.312334805998219053e+03
3.338027673990301082e+03
3.363919834476747383e+03
3.390012833314498948e+03
3.416308228351283105e+03
3.442807589518621171e+03
3.469512498925561886e+03
3.496424550953136986e+03
3.523545352349548921e+03
3.550876522326113900e+03
3.578419692653912989e+03
3.606176507761229459e+03
3.634148624831724192e+03
3.662337713903372787e+03
3.690745457968177561e+03
3.719373553072643972e+03
3.748223708419043305e+03
3.777297646467454797e+03
3.806597103038615387e+03
3.836123827417534812e+03
3.865879582457948345e+03
3.895866144687560336e+03
3.926085304414112215e+03
3.956538865832268584e+03
3.987228647131334128e+03
4.018156480603804084e+03
4.049324212754771906e+03
4.080733704412151383e+03
4.112386830837788693e+03
4.144285481839418935e+03
4.176431561883495306e+03
4.208826990208893221e+03
4.241473700941493917e+03
4.274373643209659349e+03
4.307528781260599317e+03
4.340941094577660806e+03
4.374612577998484085e+03
4.408545241834120134e+03
4.442741111989048477e+03
4.477202230082129972e+03
4.511930653568500929e+03
4.546928455862411283e+03
4.582197726461006823e+03
4.617740571069101861e+03
4.653559111724868671e+03
4.689655486926548292e+03
4.726031851760124482e+03
4.762690378027989027e+03
4.799633254378603851e+03
4.836862686437176308e+03
4.874380896937338548e+03
4.912190125853850986e+03
4.950292630536355318e+03
4.988690685844117979e+03
5.027386584281864089e+03
5.066382636136649126e+03
5.105681169615786530e+03
5.145284530985853053e+03
5.185195084712767311e+03
5.225415213602958829e+03
5.265947318945623920e+03
5.306793820656115713e+03
5.347957157420383737e+03
5.389439786840600391e+03
5.431244185581880629e+03
5.473372849520144882e+03
5.515828293891138856e+03
5.558613053440596559e+03
5.601729682575576589e+03
5.645180755516962563e+03
5.688968866453178634e+03
5.733096629695032789e+03
5.777566679831831607e+03
5.822381671888660094e+03
5.867544281484904786e+03
5.913057204993992855e+03
5.958923159704375394e+03
6.005144883981762177e+03
6.051725137432606061e+03
6.098666701068881594e+03
6.145972377474092355e+03
6.193644990970611616e+03
6.241687387788305386e+03
6.290102436234459674e+03
6.338893026865028332e+03
6.388062072657211502e+03
6.437612509183371913e+03
6.487547294786289058e+03
6.537869410755812169e+03
6.588581861506814676e+03
6.639687674758595676e+03
6.691189901715635642e+03
6.743091617249769115e+03
6.795395920083763485e+03
6.848105932976323857e+03
6.901224802908534002e+03
6.954755701271735234e+03
7.008701824056899568e+03
7.063066392045396242e+03
7.117852651001318009e+03
7.173063871865252622e+03
7.228703350949573178e+03
7.284774410135238213e+03
7.341280397070115214e+03
7.398224685368875726e+03
7.455610674814364756e+03
7.513441791560618185e+03
7.571721488337399933e+03
7.630453244656348943e+03
7.689640567018715956e+03
7.749286989124717365e+03
7.809396072084504340e+03
7.869971404630772668e+03
7.931016603333051535e+03
7.992535312813578457e+03
8.054531205964931360e+03
8.117007984169298652e+03
8.179969377519475529e+03
8.243419145041554657e+03
8.307361074919359453e+03
8.371798984720611770e+03
8.436736721624843995e+03
8.502178162653124673e+03
8.568127214899481260e+03
8.634587815764203697e+03
8.701563933188906958e+03
8.769059565893434410e+03
8.837078743614601990e+03
8.905625527346779563e+03
8.974704009584349478e+03
9.044318314566038680e+03
9.114472598521184409e+03
9.185171049917820710e+03
9.256417889712780379e+03
9.328217371603701395e+03
9.400573782282974207e+03
9.473491441693684465e+03
9.546974703287525699e+03
9.621027954284714724e+03
9.695655615935915193e+03
9.770862143786245724e+03
9.846652027941230699e+03
9.923029793334912029e+03
1.000000000000000000e+04
1.007756724334011051e+04
1.015573615440418143e+04
1.023451140016284262e+04
1.031389768378722147e+04
1.039389974492955480e+04
1.047452236000634184e+04
1.055577034248334712e+04
1.063764854316314086e+04
1.072016185047455292e+04
1.080331519076466429e+04
1.088711352859288309e+04
1.097156186702726154e+04
1.105666524794336146e+04
1.114242875232509869e+04
1.122885750056826691e+04
1.131595665278606612e+04
1.140373140911737028e+04
1.149218701003699789e+04
1.158132873666875821e+04
1.167116191110068212e+04
1.176169189670269952e+04
1.185292409844701797e+04
1.194486396323062945e+04
1.203751698020069671e+04
1.213088868108208953e+04
1.222498464050784423e+04
1.231981047635178220e+04
1.241537185006410618e+04
1.251167446700931941e+04
1.260872407680679498e+04
1.270652647367422105e+04
1.280508749677332526e+04
1.290441303055871322e+04
1.300450900512897897e+04
1.310538139658095497e+04
1.320703622736631041e+04
1.330947956665128913e+04
1.341271753067898317e+04
1.351675628313441848e+04
1.362160203551273116e+04
1.372726104748980833e+04
1.383373962729622326e+04
1.394104413209364429e+04
1.404918096835460528e+04
1.415815659224476804e+04
1.426797751000857170e+04
1.437865027835760702e+04
1.449018150486197919e+04
1.460257784834500853e+04
1.471584601928055781e+04
1.482999278019390113e+04
1.494502494606523942e+04
1.506094938473678667e+04
1.517777301732271553e+04
1.529550281862227894e+04
1.541414581753645325e+04
1.553370909748733175e+04
1.565419979684129430e+04
1.577562510933492376e+04
1.589799228450477131e+04
1.602130862811990846e+04
1.614558150261834817e+04
1.627081832754649986e+04
1.639702658000205338e+04
1.652421379508061727e+04
1.665238756632532022e+04
1.678155554618045062e+04
1.691172544644806840e+04
1.704290503874868227e+04
1.717510215498498292e+04
1.730832468780967974e+04
1.744258059109661554e+04
1.757787788041552267e+04
1.771422463351085389e+04
1.785162899078374539e+04
1.799009915577833090e+04
1.812964339567123170e+04
1.827027004176541232e+04
1.841198748998732844e+04
1.855480420138842237e+04
1.869872870265017991e+04
1.884376958659309821e+04
1.898993551268996089e+04
1.913723520758254381e+04
1.928567746560293381e+04
1.943527114929826348e+04
1.958602518996012805e+04
1.973794858815768748e+04
1.989105041427490869e+04
2.004533980905239878e+04
2.020082598413279629e+04
2.035751822261108100e+04
2.051542587958848526e+04
2.067455838273133122e+04
2.083492523283359697e+04
2.099653600438441572e+04
2.115940034613960961e+04
2.132352798169759262e+04
2.148892871008023576e+04
2.165561240631754481e+04
2.182358902203758407e+04
2.199286858606027818e+04
2.216346120499652534e+04
2.233537706385123238e+04
2.250862642663172301e+04
2.268321963696038802e+04
2.285916711869211576e+04
2.303647937653694680e+04
2.321516699668687579e+04
2.339524064744825591e+04
2.357671107987836149e+04
2.375958912842765130e+04
2.394388571158623017e+04
2.412961183253607305e+04
2.431677857980779663e+04
2.450539712794254956e+04
2.469547873815951607e+04
2.488703475902785431e+04
2.508007662714463368e+04
2.527461586781726874e+04
2.547066409575200305e+04
2.566823301574694415e+04
2.586733442339125395e+04
2.606798020576922863e+04
2.627018234216983910e+04
2.647395290480231051e+04
2.667930405951645298e+04
2.688624806652943880e+04
2.709479728115734542e+04
2.730496415455325405e+04
2.751676123445017583e+04
2.773020116591061014e+04
2.794529669208130508e+04
2.816206065495393341e+04
2.838050599613216764e+04
2.860064575760391381e+04
2.882249308252041010e+04
2.904606121598046229e+04
2.927136350582168961e+04
2.949841340341698378e+04
2.972722446447798575e+04
2.995781034986427039e+04
3.019018482639875219e+04
3.042436176769003578e+04
3.066035515496023072e+04
3.089817907788019875e+04
3.113784773541022150e+04
3.137937543664827535e+04
3.162277660168379225e+04
3.211525756363666733e+04
3.261540823470272153e+04
3.312334805998222873e+04
3.363919834476750839e+04
3.416308228351279104e+04
3.469512498925557884e+04
3.523545352349548921e+04
3.578419692653913080e+04
3.634148624831724010e+04
3.690745457968177652e+04
3.748223708419043396e+04
3.806597103038619389e+04
3.865879582457952347e+04
3.926085304414108396e+04
3.987228647131330217e+04
4.049324212754771725e+04
4.112386830837788148e+04
4.176431561883495306e+04
4.241473700941493735e+04
4.307528781260603137e+04
4.374612577998488996e+04
4.442741111989053024e+04
4.511930653568496928e+04
4.582197726461006096e+04
4.653559111724868126e+04
4.726031851760124846e+04
4.799633254378604033e+04
4.874380896937338548e+04
4.950292630536360230e+04
5.027386584281869000e+04
5.105681169615781982e+04
5.185195084712762036e+04
5.265947318945624284e+04
5.347957157420383737e+04
5.431244185581880447e+04
5.515828293891139037e+04
5.601729682575576589e+04
5.688968866453183728e+04
5.777566679831837246e+04
5.867544281484898966e+04
5.958923159704369027e+04
6.051725137432605698e+04
6.145972377474092355e+04
6.241687387788305932e+04
6.338893026865028514e+04
6.437612509183371731e+04
6.537869410755818535e+04
6.639687674758589128e+04
6.743091617249762930e+04
6.848105932976317126e+04
6.954755701271735597e+04
7.063066392045396788e+04
7.173063871865252440e+04
7.284774410135237849e+04
7.398224685368883365e+04
7.513441791560626007e+04
7.630453244656340394e+04
7.749286989124708634e+04
7.869971404630772304e+04
7.992535312813578639e+04
8.117007984169299016e+04
8.243419145041554293e+04
8.371798984720611770e+04
8.502178162653133040e+04
8.634587815764213155e+04
8.769059565893426770e+04
8.905625527346770104e+04
9.044318314566038316e+04
9.185171049917819619e+04
9.328217371603701031e+04
9.473491441693685192e+04
9.621027954284714360e+04
9.770862143786255911e+04
9.923029793334922579e+04
1.007756724334011087e+05
1.023451140016284335e+05
1.039389974492955371e+05
1.055577034248334676e+05
1.072016185047455219e+05
1.088711352859288309e+05
1.105666524794336146e+05
1.122885750056826655e+05
1.140373140911736991e+05
1.158132873666875821e+05
1.176169189670269989e+05
1.194486396323062800e+05
1.213088868108208990e+05
1.231981047635178256e+05
1.251167446700931905e+05
1.270652647367422032e+05
1.290441303055871394e+05
1.310538139658095461e+05
1.330947956665128877e+05
1.351675628313441703e+05
1.372726104748980724e+05
1.394104413209364575e+05
1.415815659224476840e+05
1.437865027835760848e+05
1.460257784834500926e+05
1.482999278019390185e+05
1.506094938473681686e+05
1.529550281862228003e+05
1.553370909748733393e+05
1.577562510933492449e+05
1.602130862811990955e+05
1.627081832754650095e+05
1.652421379508061509e+05
1.678155554618045280e+05
1.704290503874864662e+05
1.730832468780968047e+05
1.757787788041552412e+05
1.785162899078374612e+05
1.812964339567123097e+05
1.841198748998732772e+05
1.869872870265017846e+05
1.898993551268996089e+05
1.928567746560293308e+05
1.958602518996012805e+05
1.989105041427490942e+05
2.020082598413279629e+05
2.051542587958848453e+05
2.083492523283359478e+05
2.115940034613960888e+05
2.148892871008023503e+05
2.182358902203758480e+05
2.216346120499652752e+05
2.250862642663172155e+05
2.285916711869211576e+05
2.321516699668687652e+05
2.357671107987836294e+05
2.394388571158623090e+05
2.431677857980779663e+05
2.469547873815951752e+05
2.508007662714463368e+05
2.547066409575200232e+05
2.586733442339125613e+05
2.627018234216984129e+05
2.667930405951645225e+05
2.709479728115734761e+05
2.751676123445017729e+05
2.794529669208130799e+05
2.838050599613216473e+05
2.882249308252040646e+05
2.927136350582169252e+05
2.972722446447798284e+05
3.019018482639875147e+05
3.066035515496022999e+05
3.113784773541022441e+05
3.162277660168379080e+05
3.186806576245906763e+05
3.211525756363666733e+05
3.236436676347355824e+05
3.261540823470272007e+05
3.286839696542054298e+05
3.312334805998222437e+05
3.338027673990300973e+05
3.363919834476750693e+05
3.390012833314499003e+05
3.416308228351279395e+05
3.442807589518621098e+05
3.469512498925558175e+05
3.496424550953136641e+05
3.523545352349548484e+05
3.550876522326117265e+05
3.578419692653912934e+05
3.606176507761233370e+05
3.634148624831723864e+05
3.662337713903369149e+05
3.690745457968177507e+05
3.719373553072640207e+05
3.748223708419043687e+05
3.777297646467454615e+05
3.806597103038619389e+05
3.836123827417534776e+05
3.865879582457952201e+05
3.895866144687560154e+05
3.926085304414108396e+05
3.956538865832268493e+05
3.987228647131330217e+05
4.018156480603808304e+05
4.049324212754772161e+05
4.080733704412155203e+05
4.112386830837788293e+05
4.144285481839422719e+05
4.176431561883495888e+05
4.208826990208889474e+05
4.241473700941493735e+05
4.274373643209654838e+05
4.307528781260603573e+05
4.340941094577660551e+05
4.374612577998488559e+05
4.408545241834120243e+05
4.442741111989053315e+05
4.477202230082129827e+05
4.511930653568496346e+05
4.546928455862411065e+05
4.582197726461006678e+05
4.617740571069106227e+05
4.653559111724868417e+05
4.689655486926552840e+05
4.726031851760124555e+05
4.762690378027983825e+05
4.799633254378603888e+05
4.836862686437171069e+05
4.874380896937338402e+05
4.912190125853851205e+05
4.950292630536360666e+05
4.988690685844117543e+05
5.027386584281869582e+05
5.066382636136649526e+05
5.105681169615781400e+05
5.145284530985853053e+05
5.185195084712761454e+05
5.225415213602958247e+05
5.265947318945623701e+05
5.306793820656121243e+05
5.347957157420383301e+05
5.389439786840606248e+05
5.431244185581880156e+05
5.473372849520139862e+05
5.515828293891139328e+05
5.558613053440591320e+05
5.601729682575577172e+05
5.645180755516963545e+05
5.688968866453183582e+05
5.733096629695033189e+05
5.777566679831837537e+05
5.822381671888660640e+05
5.867544281484899111e+05
5.913057204993992345e+05
5.958923159704369027e+05
6.005144883981762687e+05
6.051725137432605261e+05
6.098666701068888651e+05
6.145972377474092646e+05
6.193644990970605286e+05
6.241687387788306223e+05
6.290102436234452762e+05
6.338893026865028078e+05
6.388062072657205863e+05
6.437612509183371440e+05
6.487547294786288403e+05
6.537869410755818244e+05
6.588581861506814603e+05
6.639687674758589128e+05
6.691189901715635788e+05
6.743091617249762639e+05
6.795395920083763776e+05
6.848105932976317126e+05
6.901224802908534184e+05
6.954755701271735597e+05
7.008701824056906626e+05
7.063066392045397079e+05
7.117852651001310442e+05
7.173063871865252731e+05
7.228703350949565647e+05
7.284774410135238431e+05
7.341280397070115432e+05
7.398224685368882492e+05
7.455610674814365339e+05
7.513441791560625425e+05
7.571721488337399205e+05
7.630453244656340685e+05
7.689640567018716829e+05
7.749286989124709507e+05
7.809396072084504412e+05
7.869971404630772304e+05
7.931016603333059466e+05
7.992535312813578639e+05
8.054531205964939436e+05
8.117007984169299016e+05
8.179969377519467380e+05
8.243419145041555166e+05
8.307361074919351377e+05
8.371798984720611479e+05
8.436736721624843776e+05
8.502178162653133040e+05
8.568127214899482206e+05
8.634587815764213447e+05
8.701563933188907104e+05
8.769059565893426770e+05
8.837078743614602135e+05
8.905625527346769813e+05
8.974704009584349114e+05
9.044318314566038316e+05
9.114472598521193722e+05
9.185171049917819910e+05
9.256417889712790493e+05
9.328217371603701031e+05
9.400573782282964094e+05
9.473491441693684319e+05
9.546974703287516022e+05
9.621027954284714069e+05
9.695655615935914684e+05
9.770862143786256202e+05
9.846652027941230917e+05
9.923029793334922288e+05
1.000000000000000000e+06
1.007756724334011087e+06
1.015573615440418012e+06
1.023451140016284306e+06
1.031389768378722132e+06
1.039389974492955371e+06
1.047452236000634264e+06
1.055577034248334588e+06
1.063764854316314217e+06
1.072016185047455132e+06
1.080331519076466560e+06
1.088711352859288221e+06
1.097156186702726176e+06
1.105666524794336176e+06
1.114242875232509803e+06
1.122885750056826742e+06
1.131595665278606582e+06
1.140373140911736991e+06
1.149218701003699796e+06
1.158132873666875763e+06
1.167116191110068234e+06
1.176169189670269843e+06
1.185292409844701877e+06
1.194486396323062945e+06
1.203751698020069627e+06
1.213088868108208990e+06
1.222498464050784474e+06
1.231981047635178315e+06
1.241537185006410582e+06
1.251167446700931992e+06
1.260872407680679578e+06
1.270652647367422003e+06
1.280508749677332584e+06
1.290441303055871278e+06
1.300450900512897875e+06
1.310538139658095548e+06
1.320703622736630961e+06
1.330947956665128935e+06
1.341271753067898331e+06
1.351675628313441761e+06
1.362160203551273094e+06
1.372726104748980841e+06
1.383373962729622144e+06
1.394104413209364517e+06
1.404918096835460514e+06
1.415815659224476665e+06
1.426797751000857214e+06
1.437865027835760731e+06
1.449018150486198021e+06
1.460257784834500868e+06
1.471584601928055752e+06
1.482999278019390069e+06
1.494502494606524007e+06
1.506094938473678660e+06
1.517777301732271444e+06
1.529550281862227945e+06
1.541414581753645325e+06
1.553370909748733277e+06
1.565419979684129357e+06
1.577562510933492333e+06
1.589799228450477123e+06
1.602130862811990781e+06
1.614558150261834962e+06
1.627081832754650153e+06
1.639702658000205411e+06
1.652421379508061567e+06
1.665238756632531993e+06
1.678155554618045222e+06
1.691172544644806767e+06
1.704290503874868155e+06
1.717510215498498408e+06
1.730832468780968105e+06
1.744258059109661495e+06
1.757787788041552296e+06
1.771422463351085316e+06
1.785162899078374496e+06
1.799009915577833308e+06
1.812964339567122981e+06
1.827027004176541464e+06
1.841198748998732772e+06
1.855480420138842193e+06
1.869872870265017962e+06
1.884376958659309661e+06
1.898993551268996205e+06
1.913723520758254454e+06
1.928567746560293250e+06
1.943527114929826465e+06
1.958602518996012863e+06
1.973794858815768734e+06
1.989105041427491000e+06
2.004533980905239703e+06
2.020082598413279513e+06
2.035751822261108318e+06
2.051542587958848337e+06
2.067455838273133151e+06
2.083492523283359595e+06
2.099653600438441616e+06
2.115940034613960888e+06
2.132352798169759102e+06
2.148892871008023620e+06
2.165561240631754510e+06
2.182358902203758247e+06
2.199286858606027905e+06
2.216346120499652810e+06
2.233537706385123543e+06
2.250862642663171981e+06
2.268321963696038816e+06
2.285916711869211402e+06
2.303647937653694768e+06
2.321516699668687768e+06
2.339524064744825475e+06
2.357671107987836003e+06
2.375958912842764985e+06
2.394388571158623323e+06
2.412961183253607247e+06
2.431677857980779372e+06
2.450539712794255000e+06
2.469547873815951869e+06
2.488703475902785081e+06
2.508007662714463659e+06
2.527461586781727150e+06
2.547066409575200174e+06
2.566823301574694458e+06
2.586733442339125555e+06
2.606798020576923154e+06
2.627018234216983896e+06
2.647395290480230935e+06
2.667930405951645225e+06
2.688624806652944069e+06
2.709479728115734644e+06
2.730496415455325041e+06
2.751676123445017729e+06
2.773020116591061000e+06
2.794529669208130799e+06
2.816206065495393239e+06
2.838050599613216706e+06
2.860064575760391541e+06
2.882249308252040762e+06
2.904606121598046273e+06
2.927136350582169369e+06
2.949841340341698378e+06
2.972722446447798517e+06
2.995781034986427054e+06
3.019018482639875263e+06
3.042436176769003272e+06
3.066035515496022999e+06
3.089817907788019627e+06
3.113784773541022092e+06
3.137937543664827477e+06
3.162277660168379080e+06
3.236436676347355824e+06
3.312334805998222437e+06
3.390012833314498886e+06
3.469512498925558291e+06
3.550876522326117381e+06
3.634148624831723981e+06
3.719373553072640207e+06
3.806597103038619272e+06
3.895866144687560387e+06
3.987228647131330334e+06
4.080733704412155319e+06
4.176431561883495655e+06
4.274373643209654838e+06
4.374612577998489141e+06
4.477202230082130060e+06
4.582197726461006328e+06
4.689655486926552840e+06
4.799633254378603771e+06
4.912190125853850506e+06
5.027386584281869233e+06
5.145284530985852703e+06
5.265947318945623934e+06
5.389439786840606481e+06
5.515828293891139328e+06
5.645180755516963080e+06
5.777566679831825197e+06
5.913057204993993044e+06
6.051725137432605959e+06
6.193644990970605053e+06
6.338893026865028776e+06
6.487547294786288403e+06
6.639687674758588895e+06
6.795395920083764009e+06
6.954755701271736063e+06
7.117852651001310907e+06
7.284774410135238431e+06
7.455610674814364873e+06
7.630453244656341150e+06
7.809396072084504180e+06
7.992535312813579105e+06
8.179969377519466914e+06
8.371798984720611945e+06
8.568127214899482206e+06
8.769059565893426538e+06
8.974704009584348649e+06
9.185171049917820841e+06
9.400573782282965258e+06
9.621027954284714535e+06
9.846652027941230685e+06
1.007756724334011041e+07
1.031389768378722109e+07
1.055577034248334728e+07
1.080331519076466560e+07
1.105666524794336222e+07
1.131595665278606676e+07
1.158132873666875809e+07
1.185292409844701737e+07
1.213088868108209036e+07
1.241537185006410629e+07
1.270652647367422096e+07
1.300450900512897782e+07
1.330947956665128842e+07
1.362160203551273234e+07
1.394104413209364377e+07
1.426797751000857167e+07
1.460257784834500961e+07
1.494502494606523961e+07
1.529550281862227805e+07
1.565419979684129357e+07
1.602130862811990827e+07
1.639702658000205271e+07
1.678155554618045315e+07
1.717510215498498455e+07
1.757787788041552156e+07
1.799009915577833354e+07
1.841198748998732865e+07
1.884376958659309894e+07
1.928567746560293436e+07
1.973794858815768734e+07
2.020082598413279653e+07
2.067455838273132965e+07
2.115940034613960981e+07
2.165561240631754324e+07
2.216346120499652624e+07
2.268321963696038723e+07
2.321516699668687582e+07
2.375958912842765078e+07
2.431677857980779558e+07
2.488703475902785361e+07
2.547066409575200453e+07
2.606798020576922968e+07
2.667930405951645225e+07
2.730496415455325320e+07
2.794529669208130613e+07
2.860064575760391355e+07
2.927136350582168996e+07
2.995781034986427054e+07
3.066035515496022999e+07
3.137937543664827570e+07
3.211525756363666803e+07
3.286839696542054415e+07
3.363919834476750344e+07
3.442807589518620819e+07
3.523545352349548787e+07
3.606176507761233300e+07
3.690745457968177646e+07
3.777297646467454731e+07
3.865879582457952201e+07
3.956538865832268447e+07
4.049324212754771858e+07
4.144285481839422882e+07
4.241473700941494107e+07
4.340941094577660412e+07
4.442741111989053339e+07
4.546928455862411112e+07
4.653559111724868417e+07
4.762690378027993441e+07
4.874380896937338263e+07
4.988690685844117403e+07
5.105681169615791738e+07
5.225415213602958620e+07
5.347957157420384139e+07
5.473372849520139396e+07
5.601729682575576752e+07
5.733096629695032537e+07
5.867544281484898925e+07
6.005144883981762081e+07
6.145972377474091947e+07
6.290102436234453321e+07
6.437612509183371812e+07
6.588581861506814510e+07
6.743091617249763012e+07
6.901224802908533812e+07
7.063066392045396566e+07
7.228703350949566066e+07
7.398224685368867218e+07
7.571721488337399065e+07
7.749286989124709368e+07
7.931016603333042562e+07
8.117007984169298410e+07
8.307361074919351935e+07
8.502178162653115392e+07
8.701563933188906312e+07
8.905625527346770465e+07
9.114472598521174490e+07
9.328217371603702009e+07
9.546974703287516534e+07
9.770862143786236644e+07
1.000000000000000000e+08
