0.000000000000000000e+00
2.040816326530612429e-03
4.081632653061224858e-03
6.122448979591837287e-03
8.163265306122449716e-03
1.020408163265306214e-02
1.224489795918367457e-02
1.428571428571428700e-02
1.632653061224489943e-02
1.836734693877551186e-02
2.040816326530612429e-02
2.244897959183673672e-02
2.448979591836734915e-02
2.653061224489796158e-02
2.857142857142857401e-02
3.061224489795918643e-02
3.265306122448979886e-02
3.469387755102040782e-02
3.673469387755102372e-02
3.877551020408163962e-02
4.081632653061224858e-02
4.285714285714285754e-02
4.489795918367347344e-02
4.693877551020408934e-02
4.897959183673469830e-02
5.102040816326530726e-02
5.306122448979592315e-02
5.510204081632653905e-02
5.714285714285714801e-02
5.918367346938775697e-02
6.122448979591837287e-02
6.326530612244898877e-02
6.530612244897959773e-02
6.734693877551020669e-02
6.938775510204081565e-02
7.142857142857143848e-02
7.346938775510204744e-02
7.551020408163265640e-02
7.755102040816327924e-02
7.959183673469388820e-02
8.163265306122449716e-02
8.367346938775510612e-02
8.571428571428571508e-02
8.775510204081633792e-02
8.979591836734694688e-02
9.183673469387755584e-02
9.387755102040817867e-02
9.591836734693878763e-02
9.795918367346939659e-02
1.000000000000000056e-01
1.040816326530612235e-01
1.081632653061224553e-01
1.122448979591836732e-01
1.163265306122449050e-01
1.204081632653061229e-01
1.244897959183673408e-01
1.285714285714285587e-01
1.326530612244898044e-01
1.367346938775510223e-01
1.408163265306122403e-01
1.448979591836734859e-01
1.489795918367347038e-01
1.530612244897959218e-01
1.571428571428571397e-01
1.612244897959183576e-01
1.653061224489795755e-01
1.693877551020407934e-01
1.734693877551020391e-01
1.775510204081632570e-01
1.816326530612245027e-01
1.857142857142857206e-01
1.897959183673469385e-01
1.938775510204081565e-01
1.979591836734693744e-01
2.020408163265305923e-01
2.061224489795918102e-01
2.102040816326530559e-01
2.142857142857142738e-01
2.183673469387755195e-01
2.224489795918367374e-01
2.265306122448979553e-01
2.306122448979591733e-01
2.346938775510203912e-01
2.387755102040816091e-01
2.428571428571428548e-01
2.469387755102040727e-01
2.510204081632653184e-01
2.551020408163264808e-01
2.591836734693877542e-01
2.632653061224489721e-01
2.673469387755101900e-01
2.714285714285714080e-01
2.755102040816326259e-01
2.795918367346938993e-01
2.836734693877550617e-01
2.877551020408163351e-01
2.918367346938774975e-01
2.959183673469387710e-01
2.999999999999999889e-01
3.132653061224489610e-01
3.265306122448979331e-01
3.397959183673469052e-01
3.530612244897958774e-01
3.663265306122448495e-01
3.795918367346938771e-01
3.928571428571428492e-01
4.061224489795918213e-01
4.193877551020407934e-01
4.326530612244897656e-01
4.459183673469387377e-01
4.591836734693877098e-01
4.724489795918366819e-01
4.857142857142856540e-01
4.989795918367346816e-01
5.122448979591835982e-01
5.255102040816326259e-01
5.387755102040815425e-01
5.520408163265305701e-01
5.653061224489794867e-01
5.785714285714285143e-01
5.918367346938775420e-01
6.051020408163264586e-01
6.183673469387753752e-01
6.316326530612244028e-01
6.448979591836734304e-01
6.581632653061224580e-01
6.714285714285713746e-01
6.846938775510202912e-01
6.979591836734693189e-01
7.112244897959183465e-01
7.244897959183672631e-01
7.377551020408161797e-01
7.510204081632652073e-01
7.642857142857142350e-01
7.775510204081631516e-01
7.908163265306120682e-01
8.040816326530610958e-01
8.173469387755101234e-01
8.306122448979591510e-01
8.438775510204079566e-01
8.571428571428569843e-01
8.704081632653060119e-01
8.836734693877550395e-01
8.969387755102040671e-01
9.102040816326528727e-01
9.234693877551019003e-01
9.367346938775509280e-01
9.499999999999999556e-01
9.510204081632652739e-01
9.520408163265305923e-01
9.530612244897959107e-01
9.540816326530612290e-01
9.551020408163264364e-01
9.561224489795917547e-01
9.571428571428570731e-01
9.581632653061223914e-01
9.591836734693877098e-01
9.602040816326530281e-01
9.612244897959183465e-01
9.622448979591836649e-01
9.632653061224489832e-01
9.642857142857143016e-01
9.653061224489795089e-01
9.663265306122448273e-01
9.673469387755101456e-01
9.683673469387754640e-01
9.693877551020407823e-01
9.704081632653061007e-01
9.714285714285714191e-01
9.724489795918367374e-01
9.734693877551020558e-01
9.744897959183673741e-01
9.755102040816325815e-01
9.765306122448978998e-01
9.775510204081632182e-01
9.785714285714285365e-01
9.795918367346938549e-01
9.806122448979591733e-01
9.816326530612244916e-01
9.826530612244898100e-01
9.836734693877551283e-01
9.846938775510204467e-01
9.857142857142856540e-01
9.867346938775509724e-01
9.877551020408162907e-01
9.887755102040816091e-01
9.897959183673469274e-01
9.908163265306122458e-01
9.918367346938775642e-01
9.928571428571428825e-01
9.938775510204082009e-01
9.948979591836735192e-01
9.959183673469387266e-01
9.969387755102040449e-01
9.979591836734693633e-01
9.989795918367346816e-01
1.000000000000000000e+00
