7.999999999999998779e-02
8.384905073237484963e-02
8.788329135900466160e-02
9.211163194611579619e-02
9.654341125114629385e-02
1.011884173484236815e-01
1.060569092472087166e-01
1.111596395498509748e-01
1.165078782000994739e-01
1.221134373740186546e-01
1.279886975684846329e-01
1.341466349448806605e-01
1.406008499883833474e-01
1.473655975461372614e-01
1.544558183106599925e-01
1.618871718180125152e-01
1.696760710336152056e-01
1.778397186020955478e-01
1.863961448412297384e-01
1.953642475638920628e-01
2.047638338159628313e-01
2.146156636223780501e-01
2.249414958379383767e-01
2.357641362041448252e-01
2.471074877181984319e-01
2.589966034254114757e-01
2.714577417516261804e-01
2.845184244978502530e-01
2.982074976251951615e-01
3.125551949643693428e-01
3.275932049904339283e-01
3.433547408103021503e-01
3.598746135175555638e-01
3.771893090765914280e-01
3.953370689059066967e-01
4.143579743384967484e-01
4.342940351459086967e-01
4.551892823214636064e-01
4.770898653275713608e-01
5.000441540219175973e-01
5.241028454876405229e-01
5.493190760034399878e-01
5.757485384009214391e-01
6.034496050683693102e-01
6.324834568726157569e-01
6.629142182837473030e-01
6.948090990010818979e-01
7.282385423932172808e-01
7.632763810799950699e-01
8.000000000000000444e-01
8.066473031157778140e-01
8.133498395299467720e-01
8.201080681831027785e-01
8.269224518292377368e-01
8.337934570674265800e-01
8.407215543737758257e-01
8.477072181336386958e-01
8.547509266740974665e-01
8.618531622967158246e-01
8.690144113105631174e-01
8.762351640655137164e-01
8.835159149858221594e-01
8.908571626039777369e-01
8.982594095948406299e-01
9.057231628100612664e-01
9.132489333127854492e-01
9.208372364126489185e-01
9.284885917010614609e-01
9.362035230867846725e-01
9.439825588318057070e-01
9.518262315875088975e-01
9.597350784311471372e-01
9.677096409026179069e-01
9.757504650415430580e-01
9.838581014246583489e-01
9.920331052035125108e-01
1.000276036142480063e+00
1.008587458657089542e+00
1.016967941852671586e+00
1.025418059563325768e+00
1.033938390391213380e+00
1.042529517746175527e+00
1.051192029885681167e+00
1.059926519955106006e+00
1.068733586028347338e+00
1.077613831148775292e+00
1.086567863370526021e+00
1.095596295800134623e+00
1.104699746638517999e+00
1.113878839223304329e+00
1.123134202071514487e+00
1.132466468922597613e+00
1.141876278781826404e+00
1.151364275964050110e+00
1.160931110137813915e+00
1.170577436369842017e+00
1.180303915169892415e+00
1.190111212535984286e+00
1.199999999999999956e+00
1.226503330164812500e+00
1.253592015754479094e+00
1.281278984992407333e+00
1.309577451636148693e+00
1.338500921283737544e+00
1.368063197819311183e+00
1.398278390001089777e+00
1.429160918194857688e+00
1.460725521256161619e+00
1.492987263564511613e+00
1.525961542212936672e+00
1.559664094356333353e+00
1.594111004722107428e+00
1.629318713286699971e+00
1.665304023121654042e+00
1.702084108412973862e+00
1.739676522657598534e+00
1.778099207040904517e+00
1.817370498999234529e+00
1.857509140971540296e+00
1.898534289344311787e+00
1.940465523594070207e+00
1.983322855631777903e+00
2.027126739353634743e+00
2.071898080402808873e+00
2.117658246146772782e+00
2.164429075874994002e+00
2.212232891221856512e+00
2.261092506819782244e+00
2.311031241187639029e+00
2.362072927859632632e+00
2.414241926759990164e+00
2.467563135828867438e+00
2.522062002905028244e+00
2.577764537870961714e+00
2.634697325066244655e+00
2.692887535975060143e+00
2.752362942193939510e+00
2.813151928685906800e+00
2.875283507327357935e+00
2.938787330754139226e+00
3.003693706513426598e+00
3.070033611528172113e+00
3.137838706881007855e+00
3.207141352924670397e+00
3.277974624726159192e+00
3.350372327851987464e+00
3.424369014502081310e+00
3.500000000000000444e+00
3.538712275844261068e+00
3.577852734631676412e+00
3.617426112344020339e+00
3.657437197346103730e+00
3.697890830965167019e+00
3.738791908076677384e+00
3.780145377696606079e+00
3.821956243580262313e+00
3.864229564827740493e+00
3.906970456496071442e+00
3.950184090218143762e+00
3.993875694828467715e+00
4.038050556995863793e+00
4.082714021863147913e+00
4.127871493693890059e+00
4.173528436526328989e+00
4.219690374834521585e+00
4.266362894196797484e+00
4.313551641971614892e+00
4.361262327980891307e+00
4.409500725200885540e+00
4.458272670460726061e+00
4.507584065148670049e+00
4.557440875926164203e+00
4.607849135449810341e+00
4.658814943101316608e+00
4.710344465725516905e+00
4.762443938376559771e+00
4.815119665072348454e+00
4.868378019557321856e+00
4.922225446073674959e+00
4.976668460141115524e+00
5.031713649345234352e+00
5.087367674134600115e+00
5.143637268626677361e+00
5.200529241422647608e+00
5.258050476431247233e+00
5.316207933701718957e+00
5.375008650265978183e+00
5.434459740990087440e+00
5.494568399435155293e+00
5.555341898727752969e+00
5.616787592439960619e+00
5.678912915479146228e+00
5.741725384987592662e+00
5.805232601252059865e+00
5.869442248623420788e+00
5.934362096446468726e+00
6.000000000000000000e+00
6.236855964818619924e+00
6.483062054315599454e+00
6.738987373957916915e+00
7.005015600017798327e+00
7.281545554769747852e+00
7.568991804394035405e+00
7.867785280483031052e+00
8.178373926082121770e+00
8.501223367233723849e+00
8.836817611031181130e+00
9.185659771229007120e+00
9.548272822497345658e+00
9.925200384451347446e+00
1.031700753663090886e+01
1.072428166565252283e+01
1.114763334580331566e+01
1.158769725439739418e+01
1.204513312326678864e+01
1.252062672781346642e+01
1.301489091510514307e+01
1.352866667255618971e+01
1.406272423879582334e+01
1.461786425838885251e+01
1.519491898214023706e+01
1.579475351478283507e+01
1.641826711191886545e+01
1.706639452815942448e+01
1.774010741848315931e+01
1.844041579491495852e+01
1.916836954070846488e+01
1.992505998430252134e+01
2.071162153541099826e+01
2.152923338569897638e+01
2.237912127659480532e+01
2.326255933688826616e+01
2.418087199286977551e+01
2.513543595387422869e+01
2.612768227620614780e+01
2.715909850854033891e+01
2.823123092201438311e+01
2.934568682835621090e+01
3.050413698952210595e+01
3.170831812245754122e+01
3.296003550273594129e+01
3.426116567097869137e+01
3.561365924611373401e+01
3.701954384969037193e+01
3.848092714563428274e+01
3.999999999999999289e+01
4.109366868709772547e+01
4.221724015412389264e+01
4.337153199443015694e+01
4.455738415577430800e+01
4.577565955152818589e+01
4.702724468859697993e+01
4.831305031250703053e+01
4.963401207013119176e+01
5.099109119053450456e+01
5.238527518443532216e+01
5.381757856279070040e+01
5.528904357502936762e+01
5.680074096746913881e+01
5.835377076247090145e+01
5.994926305889574536e+01
6.158837885444820159e+01
6.327231089050376056e+01
6.500228452003518953e+01
6.677955859926966298e+01
6.860542640372540291e+01
7.048121656929397716e+01
7.240829405905374472e+01
7.438806115651750872e+01
7.642195848603738284e+01
7.851146606110893345e+01
8.065810436133823202e+01
8.286343543885460861e+01
8.512906405497511741e+01
8.745663884794670651e+01
8.984785353261703733e+01
9.230444813290620232e+01
9.482821024797613063e+01
9.742097635301938396e+01
1.000846331356140837e+02
1.028211188686161819e+02
1.056324248205901171e+02
1.085205967048023012e+02
1.114877361678323524e+02
1.145360023188866023e+02
1.176676133009246570e+02
1.208848479047432534e+02
1.241900472271929488e+02
1.275856163747322682e+02
1.310740262135599323e+02
1.346578151675998072e+02
1.383395910656448393e+02
1.421220330390048048e+02
1.460078934710404894e+02
1.500000000000000284e+02
