8.000000000000000167e-02
1.028571428571428553e-01
1.257142857142857229e-01
1.485714285714285765e-01
1.714285714285714302e-01
1.942857142857142838e-01
2.171428571428571375e-01
2.399999999999999911e-01
2.628571428571428448e-01
2.857142857142856984e-01
3.085714285714285521e-01
3.314285714285714057e-01
3.542857142857142594e-01
3.771428571428571130e-01
3.999999999999999667e-01
4.228571428571428203e-01
4.457142857142856740e-01
4.685714285714285277e-01
4.914285714285713813e-01
5.142857142857142350e-01
5.371428571428570331e-01
5.599999999999999423e-01
5.828571428571427404e-01
6.057142857142855386e-01
6.285714285714284477e-01
6.514285714285713569e-01
6.742857142857141550e-01
6.971428571428569532e-01
7.199999999999998623e-01
7.428571428571427715e-01
7.657142857142855696e-01
7.885714285714283678e-01
8.114285714285712769e-01
8.342857142857141861e-01
8.571428571428569843e-01
8.799999999999997824e-01
9.028571428571426916e-01
9.257142857142856007e-01
9.485714285714283989e-01
9.714285714285711970e-01
9.942857142857141062e-01
1.017142857142857126e+00
1.039999999999999813e+00
1.062857142857142723e+00
1.085714285714285632e+00
1.108571428571428541e+00
1.131428571428571228e+00
1.154285714285714137e+00
1.177142857142857046e+00
1.199999999999999956e+00
1.246938775510203934e+00
1.293877551020408134e+00
1.340816326530612113e+00
1.387755102040816313e+00
1.434693877551020291e+00
1.481632653061224492e+00
1.528571428571428470e+00
1.575510204081632448e+00
1.622448979591836649e+00
1.669387755102040849e+00
1.716326530612244827e+00
1.763265306122448806e+00
1.810204081632652784e+00
1.857142857142856984e+00
1.904081632653061185e+00
1.951020408163265163e+00
1.997959183673469141e+00
2.044897959183673564e+00
2.091836734693877542e+00
2.138775510204081520e+00
2.185714285714285499e+00
2.232653061224489477e+00
2.279591836734693899e+00
2.326530612244897434e+00
2.373469387755101856e+00
2.420408163265305834e+00
2.467346938775509813e+00
2.514285714285714235e+00
2.561224489795918213e+00
2.608163265306122192e+00
2.655102040816326614e+00
2.702040816326530148e+00
2.748979591836734571e+00
2.795918367346938549e+00
2.842857142857142527e+00
2.889795918367346950e+00
2.936734693877550484e+00
2.983673469387754906e+00
3.030612244897958885e+00
3.077551020408162863e+00
3.124489795918367285e+00
3.171428571428570820e+00
3.218367346938775242e+00
3.265306122448979664e+00
3.312244897959183199e+00
3.359183673469387621e+00
3.406122448979591155e+00
3.453061224489795578e+00
3.500000000000000000e+00
3.551020408163265252e+00
3.602040816326530503e+00
3.653061224489795755e+00
3.704081632653061007e+00
3.755102040816326703e+00
3.806122448979591955e+00
3.857142857142857206e+00
3.908163265306122458e+00
3.959183673469387710e+00
4.010204081632653406e+00
4.061224489795918657e+00
4.112244897959183909e+00
4.163265306122449161e+00
4.214285714285714413e+00
4.265306122448979664e+00
4.316326530612244916e+00
4.367346938775510168e+00
4.418367346938775420e+00
4.469387755102040671e+00
4.520408163265305923e+00
4.571428571428571175e+00
4.622448979591837315e+00
4.673469387755101678e+00
4.724489795918367818e+00
4.775510204081632182e+00
4.826530612244898322e+00
4.877551020408163573e+00
4.928571428571428825e+00
4.979591836734694077e+00
5.030612244897959329e+00
5.081632653061224580e+00
5.132653061224489832e+00
5.183673469387755084e+00
5.234693877551020336e+00
5.285714285714285587e+00
5.336734693877550839e+00
5.387755102040816091e+00
5.438775510204081343e+00
5.489795918367347483e+00
5.540816326530611846e+00
5.591836734693877986e+00
5.642857142857142350e+00
5.693877551020408490e+00
5.744897959183673741e+00
5.795918367346938993e+00
5.846938775510204245e+00
5.897959183673469497e+00
5.948979591836734748e+00
6.000000000000000000e+00
8.938775510204081343e+00
1.187755102040816269e+01
1.481632653061224580e+01
1.775510204081632537e+01
2.069387755102040671e+01
2.363265306122449161e+01
2.657142857142857295e+01
2.951020408163265429e+01
3.244897959183673208e+01
3.538775510204081343e+01
3.832653061224490187e+01
4.126530612244898322e+01
4.420408163265306456e+01
4.714285714285714590e+01
5.008163265306122724e+01
5.302040816326530859e+01
5.595918367346938993e+01
5.889795918367347127e+01
6.183673469387755262e+01
6.477551020408162685e+01
6.771428571428572241e+01
7.065306122448980375e+01
7.359183673469388509e+01
7.653061224489796643e+01
7.946938775510204778e+01
8.240816326530612912e+01
8.534693877551021046e+01
8.828571428571429180e+01
9.122448979591837315e+01
9.416326530612245449e+01
9.710204081632653583e+01
1.000408163265306172e+02
1.029795918367346985e+02
1.059183673469387799e+02
1.088571428571428612e+02
1.117959183673469425e+02
1.147346938775510239e+02
1.176734693877551052e+02
1.206122448979591866e+02
1.235510204081632679e+02
1.264897959183673493e+02
1.294285714285714448e+02
1.323673469387755119e+02
1.353061224489796075e+02
1.382448979591836746e+02
1.411836734693877702e+02
1.441224489795918373e+02
1.470612244897959329e+02
1.500000000000000000e+02
