2.000000000000000111e-01
2.053691275167785490e-01
2.107382550335570592e-01
2.161073825503355694e-01
2.214765100671141074e-01
2.268456375838926453e-01
2.322147651006711555e-01
2.375838926174496657e-01
2.429530201342282036e-01
2.483221476510067416e-01
2.536912751677852240e-01
2.590604026845637620e-01
2.644295302013422999e-01
2.697986577181208379e-01
2.751677852348993758e-01
2.805369127516778582e-01
2.859060402684563962e-01
2.912751677852349341e-01
2.966442953020134166e-01
3.020134228187919545e-01
3.073825503355704925e-01
3.127516778523490304e-01
3.181208053691275683e-01
3.234899328859060508e-01
3.288590604026845887e-01
3.342281879194631267e-01
3.395973154362416091e-01
3.449664429530201470e-01
3.503355704697986850e-01
3.557046979865772229e-01
3.610738255033557609e-01
3.664429530201342433e-01
3.718120805369127813e-01
3.771812080536913192e-01
3.825503355704698016e-01
3.879194630872483396e-01
3.932885906040268775e-01
3.986577181208054155e-01
4.040268456375839534e-01
4.093959731543624359e-01
4.147651006711409738e-01
4.201342281879195117e-01
4.255033557046979942e-01
4.308724832214765321e-01
4.362416107382550701e-01
4.416107382550336080e-01
4.469798657718121460e-01
4.523489932885906284e-01
4.577181208053691663e-01
4.630872483221477043e-01
4.684563758389262422e-01
4.738255033557047247e-01
4.791946308724832626e-01
4.845637583892618006e-01
4.899328859060402830e-01
4.953020134228188209e-01
5.006711409395974144e-01
5.060402684563758413e-01
5.114093959731544903e-01
5.167785234899329172e-01
5.221476510067114551e-01
5.275167785234899931e-01
5.328859060402684200e-01
5.382550335570470690e-01
5.436241610738254959e-01
5.489932885906041449e-01
5.543624161073825718e-01
5.597315436241611097e-01
5.651006711409396477e-01
5.704697986577181856e-01
5.758389261744967236e-01
5.812080536912751505e-01
5.865771812080537995e-01
5.919463087248322264e-01
5.973154362416108754e-01
6.026845637583893023e-01
6.080536912751678402e-01
6.134228187919463782e-01
6.187919463087248051e-01
6.241610738255034541e-01
6.295302013422818810e-01
6.348993288590605300e-01
6.402684563758389569e-01
6.456375838926174948e-01
6.510067114093960328e-01
6.563758389261745707e-01
6.617449664429531087e-01
6.671140939597315356e-01
6.724832214765101845e-01
6.778523489932886115e-01
6.832214765100672604e-01
6.885906040268456874e-01
6.939597315436242253e-01
6.993288590604027632e-01
7.046979865771811902e-01
7.100671140939598391e-01
7.154362416107382661e-01
7.208053691275169150e-01
7.261744966442953420e-01
7.315436241610739909e-01
7.369127516778524178e-01
7.422818791946308448e-01
7.476510067114094937e-01
7.530201342281879207e-01
7.583892617449665696e-01
7.637583892617449965e-01
7.691275167785236455e-01
7.744966442953020724e-01
7.798657718120804994e-01
7.852348993288591483e-01
7.906040268456375752e-01
7.959731543624162242e-01
8.013422818791946511e-01
8.067114093959733001e-01
8.120805369127517270e-01
8.174496644295303760e-01
8.228187919463088029e-01
8.281879194630872298e-01
8.335570469798658788e-01
8.389261744966443057e-01
8.442953020134229547e-01
8.496644295302013816e-01
8.550335570469800306e-01
8.604026845637584575e-01
8.657718120805368844e-01
8.711409395973155334e-01
8.765100671140939603e-01
8.818791946308726093e-01
8.872483221476510362e-01
8.926174496644296852e-01
8.979865771812081121e-01
9.033557046979867611e-01
9.087248322147651880e-01
9.140939597315436149e-01
9.194630872483222639e-01
9.248322147651006908e-01
9.302013422818793398e-01
9.355704697986577667e-01
9.409395973154364157e-01
9.463087248322148426e-01
9.516778523489932695e-01
9.570469798657719185e-01
9.624161073825503454e-01
9.677852348993289944e-01
9.731543624161074213e-01
9.785234899328860703e-01
9.838926174496644972e-01
9.892617449664431462e-01
9.946308724832215731e-01
1.000000000000000000e+00
1.002013422818792021e+00
1.004026845637583820e+00
1.006040268456375841e+00
1.008053691275167862e+00
1.010067114093959662e+00
1.012080536912751683e+00
1.014093959731543704e+00
1.016107382550335503e+00
1.018120805369127524e+00
1.020134228187919545e+00
1.022147651006711344e+00
1.024161073825503365e+00
1.026174496644295386e+00
1.028187919463087185e+00
1.030201342281879207e+00
1.032214765100671228e+00
1.034228187919463027e+00
1.036241610738255048e+00
1.038255033557047069e+00
1.040268456375838868e+00
1.042281879194630889e+00
1.044295302013422910e+00
1.046308724832214709e+00
1.048322147651006730e+00
1.050335570469798752e+00
1.052348993288590551e+00
1.054362416107382572e+00
1.056375838926174593e+00
1.058389261744966392e+00
1.060402684563758413e+00
1.062416107382550434e+00
1.064429530201342233e+00
1.066442953020134254e+00
1.068456375838926276e+00
1.070469798657718075e+00
1.072483221476510096e+00
1.074496644295302117e+00
1.076510067114093916e+00
1.078523489932885937e+00
1.080536912751677958e+00
1.082550335570469757e+00
1.084563758389261778e+00
1.086577181208053799e+00
1.088590604026845599e+00
1.090604026845637620e+00
1.092617449664429641e+00
1.094630872483221440e+00
1.096644295302013461e+00
1.098657718120805482e+00
1.100671140939597281e+00
1.102684563758389302e+00
1.104697986577181101e+00
1.106711409395973122e+00
1.108724832214765144e+00
1.110738255033556943e+00
1.112751677852348964e+00
1.114765100671140985e+00
1.116778523489932784e+00
1.118791946308724805e+00
1.120805369127516826e+00
1.122818791946308625e+00
1.124832214765100646e+00
1.126845637583892668e+00
1.128859060402684467e+00
1.130872483221476488e+00
1.132885906040268509e+00
1.134899328859060308e+00
1.136912751677852329e+00
1.138926174496644350e+00
1.140939597315436149e+00
1.142953020134228170e+00
1.144966442953020191e+00
1.146979865771811991e+00
1.148993288590604012e+00
1.151006711409396033e+00
1.153020134228187832e+00
1.155033557046979853e+00
1.157046979865771874e+00
1.159060402684563673e+00
1.161073825503355694e+00
1.163087248322147715e+00
1.165100671140939514e+00
1.167114093959731536e+00
1.169127516778523557e+00
1.171140939597315356e+00
1.173154362416107377e+00
1.175167785234899398e+00
1.177181208053691197e+00
1.179194630872483218e+00
1.181208053691275239e+00
1.183221476510067038e+00
1.185234899328859060e+00
1.187248322147651081e+00
1.189261744966442880e+00
1.191275167785234901e+00
1.193288590604026922e+00
1.195302013422818721e+00
1.197315436241610742e+00
1.199328859060402763e+00
1.201342281879194562e+00
1.203355704697986583e+00
1.205369127516778605e+00
1.207382550335570404e+00
1.209395973154362425e+00
1.211409395973154446e+00
1.213422818791946245e+00
1.215436241610738266e+00
1.217449664429530287e+00
1.219463087248322086e+00
1.221476510067114107e+00
1.223489932885906128e+00
1.225503355704697928e+00
1.227516778523489949e+00
1.229530201342281970e+00
1.231543624161073769e+00
1.233557046979865790e+00
1.235570469798657811e+00
1.237583892617449610e+00
1.239597315436241631e+00
1.241610738255033652e+00
1.243624161073825451e+00
1.245637583892617473e+00
1.247651006711409494e+00
1.249664429530201293e+00
1.251677852348993314e+00
1.253691275167785335e+00
1.255704697986577134e+00
1.257718120805369155e+00
1.259731543624161176e+00
1.261744966442952975e+00
1.263758389261744997e+00
1.265771812080537018e+00
1.267785234899328817e+00
1.269798657718120838e+00
1.271812080536912859e+00
1.273825503355704658e+00
1.275838926174496679e+00
1.277852348993288700e+00
1.279865771812080499e+00
1.281879194630872520e+00
1.283892617449664542e+00
1.285906040268456341e+00
1.287919463087248362e+00
1.289932885906040383e+00
1.291946308724832182e+00
1.293959731543624203e+00
1.295973154362416224e+00
1.297986577181208023e+00
1.300000000000000044e+00
1.304697986577181279e+00
1.309395973154362514e+00
1.314093959731543748e+00
1.318791946308724983e+00
1.323489932885905995e+00
1.328187919463087230e+00
1.332885906040268464e+00
1.337583892617449699e+00
1.342281879194630934e+00
1.346979865771812168e+00
1.351677852348993403e+00
1.356375838926174637e+00
1.361073825503355650e+00
1.365771812080536884e+00
1.370469798657718119e+00
1.375167785234899354e+00
1.379865771812080588e+00
1.384563758389261823e+00
1.389261744966443057e+00
1.393959731543624292e+00
1.398657718120805304e+00
1.403355704697986539e+00
1.408053691275167774e+00
1.412751677852349008e+00
1.417449664429530243e+00
1.422147651006711477e+00
1.426845637583892712e+00
1.431543624161073947e+00
1.436241610738254959e+00
1.440939597315436194e+00
1.445637583892617428e+00
1.450335570469798663e+00
1.455033557046979897e+00
1.459731543624161132e+00
1.464429530201342367e+00
1.469127516778523601e+00
1.473825503355704836e+00
1.478523489932885848e+00
1.483221476510067083e+00
1.487919463087248317e+00
1.492617449664429552e+00
1.497315436241610787e+00
1.502013422818792021e+00
1.506711409395973256e+00
1.511409395973154268e+00
1.516107382550335503e+00
1.520805369127516737e+00
1.525503355704697972e+00
1.530201342281879207e+00
1.534899328859060441e+00
1.539597315436241676e+00
1.544295302013422910e+00
1.548993288590604145e+00
1.553691275167785157e+00
1.558389261744966392e+00
1.563087248322147627e+00
1.567785234899328861e+00
1.572483221476510096e+00
1.577181208053691330e+00
1.581879194630872565e+00
1.586577181208053577e+00
1.591275167785235034e+00
1.595973154362416047e+00
1.600671140939597281e+00
1.605369127516778516e+00
1.610067114093959750e+00
1.614765100671140985e+00
1.619463087248322219e+00
1.624161073825503454e+00
1.628859060402684467e+00
1.633557046979865923e+00
1.638255033557046936e+00
1.642953020134228170e+00
1.647651006711409405e+00
1.652348993288590639e+00
1.657046979865771874e+00
1.661744966442953109e+00
1.666442953020134343e+00
1.671140939597315356e+00
1.675838926174496590e+00
1.680536912751677825e+00
1.685234899328859060e+00
1.689932885906040294e+00
1.694630872483221529e+00
1.699328859060402763e+00
1.704026845637583776e+00
1.708724832214765232e+00
1.713422818791946245e+00
1.718120805369127480e+00
1.722818791946308714e+00
1.727516778523489949e+00
1.732214765100671183e+00
1.736912751677852418e+00
1.741610738255033652e+00
1.746308724832214665e+00
1.751006711409396122e+00
1.755704697986577134e+00
1.760402684563758369e+00
1.765100671140939603e+00
1.769798657718120838e+00
1.774496644295302072e+00
1.779194630872483307e+00
1.783892617449664542e+00
1.788590604026845554e+00
1.793288590604026789e+00
1.797986577181208023e+00
1.802684563758389258e+00
1.807382550335570492e+00
1.812080536912751727e+00
1.816778523489932962e+00
1.821476510067113974e+00
1.826174496644295431e+00
1.830872483221476443e+00
1.835570469798657678e+00
1.840268456375838912e+00
1.844966442953020147e+00
1.849664429530201382e+00
1.854362416107382394e+00
1.859060402684563851e+00
1.863758389261744863e+00
1.868456375838926320e+00
1.873154362416107332e+00
1.877852348993288567e+00
1.882550335570469802e+00
1.887248322147651036e+00
1.891946308724832271e+00
1.896644295302013283e+00
1.901342281879194740e+00
1.906040268456375752e+00
1.910738255033557209e+00
1.915436241610738222e+00
1.920134228187919456e+00
1.924832214765100691e+00
1.929530201342281925e+00
1.934228187919463160e+00
1.938926174496644173e+00
1.943624161073825629e+00
1.948322147651006642e+00
1.953020134228187876e+00
1.957718120805369111e+00
1.962416107382550345e+00
1.967114093959731580e+00
1.971812080536912593e+00
1.976510067114094049e+00
1.981208053691275062e+00
1.985906040268456518e+00
1.990604026845637531e+00
1.995302013422818765e+00
2.000000000000000000e+00
2.003355704697986628e+00
2.006711409395973256e+00
2.010067114093959884e+00
2.013422818791946511e+00
2.016778523489932695e+00
2.020134228187919323e+00
2.023489932885905951e+00
2.026845637583892579e+00
2.030201342281879207e+00
2.033557046979865834e+00
2.036912751677852462e+00
2.040268456375839090e+00
2.043624161073825718e+00
2.046979865771811902e+00
2.050335570469798530e+00
2.053691275167785157e+00
2.057046979865771785e+00
2.060402684563758413e+00
2.063758389261745041e+00
2.067114093959731669e+00
2.070469798657718297e+00
2.073825503355704925e+00
2.077181208053691108e+00
2.080536912751677736e+00
2.083892617449664364e+00
2.087248322147650992e+00
2.090604026845637620e+00
2.093959731543624248e+00
2.097315436241610875e+00
2.100671140939597503e+00
2.104026845637583687e+00
2.107382550335570315e+00
2.110738255033556943e+00
2.114093959731543571e+00
2.117449664429530198e+00
2.120805369127516826e+00
2.124161073825503454e+00
2.127516778523490082e+00
2.130872483221476710e+00
2.134228187919462894e+00
2.137583892617449521e+00
2.140939597315436149e+00
2.144295302013422777e+00
2.147651006711409405e+00
2.151006711409396033e+00
2.154362416107382661e+00
2.157718120805369288e+00
2.161073825503355472e+00
2.164429530201342100e+00
2.167785234899328728e+00
2.171140939597315356e+00
2.174496644295301984e+00
2.177852348993288611e+00
2.181208053691275239e+00
2.184563758389261867e+00
2.187919463087248495e+00
2.191275167785234679e+00
2.194630872483221307e+00
2.197986577181207934e+00
2.201342281879194562e+00
2.204697986577181190e+00
2.208053691275167818e+00
2.211409395973154446e+00
2.214765100671141074e+00
2.218120805369127702e+00
2.221476510067113885e+00
2.224832214765100513e+00
2.228187919463087141e+00
2.231543624161073769e+00
2.234899328859060397e+00
2.238255033557047025e+00
2.241610738255033652e+00
2.244966442953020280e+00
2.248322147651006908e+00
2.251677852348993092e+00
2.255033557046979720e+00
2.258389261744966348e+00
2.261744966442952975e+00
2.265100671140939603e+00
2.268456375838926231e+00
2.271812080536912859e+00
2.275167785234899487e+00
2.278523489932886115e+00
2.281879194630872298e+00
2.285234899328858926e+00
2.288590604026845554e+00
2.291946308724832182e+00
2.295302013422818810e+00
2.298657718120805438e+00
2.302013422818792066e+00
2.305369127516778693e+00
2.308724832214765321e+00
2.312080536912751505e+00
2.315436241610738133e+00
2.318791946308724761e+00
2.322147651006711389e+00
2.325503355704698016e+00
2.328859060402684644e+00
2.332214765100671272e+00
2.335570469798657900e+00
2.338926174496644528e+00
2.342281879194630712e+00
2.345637583892617339e+00
2.348993288590603967e+00
2.352348993288590595e+00
2.355704697986577223e+00
2.359060402684563851e+00
2.362416107382550479e+00
2.365771812080536662e+00
2.369127516778523290e+00
2.372483221476509918e+00
2.375838926174496546e+00
2.379194630872483174e+00
2.382550335570469802e+00
2.385906040268456429e+00
2.389261744966443057e+00
2.392617449664429685e+00
2.395973154362415869e+00
2.399328859060402497e+00
2.402684563758389125e+00
2.406040268456375752e+00
2.409395973154362380e+00
2.412751677852349008e+00
2.416107382550335636e+00
2.419463087248322264e+00
2.422818791946308892e+00
2.426174496644295075e+00
2.429530201342281703e+00
2.432885906040268331e+00
2.436241610738254959e+00
2.439597315436241587e+00
2.442953020134228215e+00
2.446308724832214843e+00
2.449664429530201470e+00
2.453020134228188098e+00
2.456375838926174282e+00
2.459731543624160910e+00
2.463087248322147538e+00
2.466442953020134166e+00
2.469798657718120793e+00
2.473154362416107421e+00
2.476510067114094049e+00
2.479865771812080677e+00
2.483221476510067305e+00
2.486577181208053489e+00
2.489932885906040116e+00
2.493288590604026744e+00
2.496644295302013372e+00
2.500000000000000000e+00
2.506040268456375841e+00
2.512080536912751683e+00
2.518120805369127524e+00
2.524161073825503365e+00
2.530201342281879207e+00
2.536241610738255048e+00
2.542281879194630889e+00
2.548322147651006730e+00
2.554362416107382572e+00
2.560402684563758413e+00
2.566442953020134254e+00
2.572483221476510096e+00
2.578523489932885937e+00
2.584563758389261778e+00
2.590604026845637620e+00
2.596644295302013461e+00
2.602684563758389302e+00
2.608724832214765144e+00
2.614765100671140985e+00
2.620805369127516826e+00
2.626845637583892668e+00
2.632885906040268509e+00
2.638926174496644350e+00
2.644966442953020191e+00
2.651006711409396033e+00
2.657046979865771874e+00
2.663087248322147715e+00
2.669127516778523557e+00
2.675167785234899398e+00
2.681208053691275239e+00
2.687248322147651081e+00
2.693288590604026922e+00
2.699328859060402763e+00
2.705369127516778605e+00
2.711409395973154446e+00
2.717449664429530287e+00
2.723489932885906128e+00
2.729530201342281970e+00
2.735570469798657811e+00
2.741610738255033652e+00
2.747651006711409494e+00
2.753691275167785335e+00
2.759731543624161176e+00
2.765771812080537018e+00
2.771812080536912859e+00
2.777852348993288700e+00
2.783892617449664542e+00
2.789932885906040383e+00
2.795973154362416224e+00
2.802013422818792066e+00
2.808053691275167907e+00
2.814093959731543748e+00
2.820134228187919589e+00
2.826174496644295431e+00
2.832214765100671272e+00
2.838255033557047113e+00
2.844295302013422955e+00
2.850335570469798796e+00
2.856375838926174637e+00
2.862416107382550479e+00
2.868456375838926320e+00
2.874496644295302161e+00
2.880536912751678003e+00
2.886577181208053844e+00
2.892617449664429685e+00
2.898657718120805526e+00
2.904697986577181368e+00
2.910738255033557209e+00
2.916778523489933050e+00
2.922818791946308892e+00
2.928859060402684733e+00
2.934899328859060574e+00
2.940939597315436416e+00
2.946979865771812257e+00
2.953020134228188098e+00
2.959060402684563940e+00
2.965100671140939781e+00
2.971140939597315622e+00
2.977181208053691464e+00
2.983221476510067305e+00
2.989261744966443146e+00
2.995302013422818987e+00
3.001342281879194829e+00
3.007382550335570670e+00
3.013422818791946511e+00
3.019463087248322353e+00
3.025503355704698194e+00
3.031543624161074035e+00
3.037583892617449877e+00
3.043624161073825718e+00
3.049664429530201559e+00
3.055704697986577401e+00
3.061744966442953242e+00
3.067785234899329083e+00
3.073825503355704925e+00
3.079865771812080766e+00
3.085906040268456607e+00
3.091946308724832448e+00
3.097986577181208290e+00
3.104026845637584131e+00
3.110067114093959972e+00
3.116107382550335814e+00
3.122147651006711655e+00
3.128187919463087496e+00
3.134228187919463338e+00
3.140268456375839179e+00
3.146308724832214576e+00
3.152348993288590417e+00
3.158389261744966259e+00
3.164429530201342100e+00
3.170469798657717941e+00
3.176510067114093783e+00
3.182550335570469624e+00
3.188590604026845465e+00
3.194630872483221307e+00
3.200671140939597148e+00
3.206711409395972989e+00
3.212751677852348831e+00
3.218791946308724672e+00
3.224832214765100513e+00
3.230872483221476354e+00
3.236912751677852196e+00
3.242953020134228037e+00
3.248993288590603878e+00
3.255033557046979720e+00
3.261073825503355561e+00
3.267114093959731402e+00
3.273154362416107244e+00
3.279194630872483085e+00
3.285234899328858926e+00
3.291275167785234768e+00
3.297315436241610609e+00
3.303355704697986450e+00
3.309395973154362292e+00
3.315436241610738133e+00
3.321476510067113974e+00
3.327516778523489815e+00
3.333557046979865657e+00
3.339597315436241498e+00
3.345637583892617339e+00
3.351677852348993181e+00
3.357718120805369022e+00
3.363758389261744863e+00
3.369798657718120705e+00
3.375838926174496546e+00
3.381879194630872387e+00
3.387919463087248229e+00
3.393959731543624070e+00
3.399999999999999911e+00
3.400671140939597326e+00
3.401342281879194740e+00
3.402013422818791710e+00
3.402684563758389125e+00
3.403355704697986539e+00
3.404026845637583953e+00
3.404697986577180924e+00
3.405369127516778338e+00
3.406040268456375752e+00
3.406711409395973167e+00
3.407382550335570581e+00
3.408053691275167552e+00
3.408724832214764966e+00
3.409395973154362380e+00
3.410067114093959795e+00
3.410738255033556765e+00
3.411409395973154179e+00
3.412080536912751594e+00
3.412751677852349008e+00
3.413422818791946423e+00
3.414093959731543393e+00
3.414765100671140807e+00
3.415436241610738222e+00
3.416107382550335636e+00
3.416778523489932606e+00
3.417449664429530021e+00
3.418120805369127435e+00
3.418791946308724850e+00
3.419463087248322264e+00
3.420134228187919234e+00
3.420805369127516649e+00
3.421476510067114063e+00
3.422147651006711477e+00
3.422818791946308448e+00
3.423489932885905862e+00
3.424161073825503276e+00
3.424832214765100691e+00
3.425503355704698105e+00
3.426174496644295075e+00
3.426845637583892490e+00
3.427516778523489904e+00
3.428187919463087319e+00
3.428859060402684289e+00
3.429530201342281703e+00
3.430201342281879118e+00
3.430872483221476532e+00
3.431543624161073947e+00
3.432214765100670917e+00
3.432885906040268331e+00
3.433557046979865746e+00
3.434228187919463160e+00
3.434899328859060130e+00
3.435570469798657545e+00
3.436241610738254959e+00
3.436912751677852373e+00
3.437583892617449788e+00
3.438255033557046758e+00
3.438926174496644173e+00
3.439597315436241587e+00
3.440268456375839001e+00
3.440939597315436416e+00
3.441610738255033386e+00
3.442281879194630800e+00
3.442953020134228215e+00
3.443624161073825629e+00
3.444295302013422599e+00
3.444966442953020014e+00
3.445637583892617428e+00
3.446308724832214843e+00
3.446979865771812257e+00
3.447651006711409227e+00
3.448322147651006642e+00
3.448993288590604056e+00
3.449664429530201470e+00
3.450335570469798441e+00
3.451006711409395855e+00
3.451677852348993270e+00
3.452348993288590684e+00
3.453020134228188098e+00
3.453691275167785069e+00
3.454362416107382483e+00
3.455033557046979897e+00
3.455704697986577312e+00
3.456375838926174282e+00
3.457046979865771696e+00
3.457718120805369111e+00
3.458389261744966525e+00
3.459060402684563940e+00
3.459731543624160910e+00
3.460402684563758324e+00
3.461073825503355739e+00
3.461744966442953153e+00
3.462416107382550123e+00
3.463087248322147538e+00
3.463758389261744952e+00
3.464429530201342367e+00
3.465100671140939781e+00
3.465771812080536751e+00
3.466442953020134166e+00
3.467114093959731580e+00
3.467785234899328994e+00
3.468456375838925965e+00
3.469127516778523379e+00
3.469798657718120793e+00
3.470469798657718208e+00
3.471140939597315622e+00
3.471812080536912593e+00
3.472483221476510007e+00
3.473154362416107421e+00
3.473825503355704836e+00
3.474496644295301806e+00
3.475167785234899220e+00
3.475838926174496635e+00
3.476510067114094049e+00
3.477181208053691464e+00
3.477852348993288434e+00
3.478523489932885848e+00
3.479194630872483263e+00
3.479865771812080677e+00
3.480536912751677647e+00
3.481208053691275062e+00
3.481879194630872476e+00
3.482550335570469890e+00
3.483221476510067305e+00
3.483892617449664275e+00
3.484563758389261690e+00
3.485234899328859104e+00
3.485906040268456518e+00
3.486577181208053489e+00
3.487248322147650903e+00
3.487919463087248317e+00
3.488590604026845732e+00
3.489261744966443146e+00
3.489932885906040116e+00
3.490604026845637531e+00
3.491275167785234945e+00
3.491946308724832360e+00
3.492617449664429330e+00
3.493288590604026744e+00
3.493959731543624159e+00
3.494630872483221573e+00
3.495302013422818987e+00
3.495973154362415958e+00
3.496644295302013372e+00
3.497315436241610787e+00
3.497986577181208201e+00
3.498657718120805171e+00
3.499328859060402586e+00
3.500000000000000000e+00
3.503355704697986628e+00
3.506711409395973256e+00
3.510067114093959884e+00
3.513422818791946511e+00
3.516778523489932695e+00
3.520134228187919323e+00
3.523489932885905951e+00
3.526845637583892579e+00
3.530201342281879207e+00
3.533557046979865834e+00
3.536912751677852462e+00
3.540268456375839090e+00
3.543624161073825718e+00
3.546979865771811902e+00
3.550335570469798530e+00
3.553691275167785157e+00
3.557046979865771785e+00
3.560402684563758413e+00
3.563758389261745041e+00
3.567114093959731669e+00
3.570469798657718297e+00
3.573825503355704925e+00
3.577181208053691108e+00
3.580536912751677736e+00
3.583892617449664364e+00
3.587248322147650992e+00
3.590604026845637620e+00
3.593959731543624248e+00
3.597315436241610875e+00
3.600671140939597503e+00
3.604026845637583687e+00
3.607382550335570315e+00
3.610738255033556943e+00
3.614093959731543571e+00
3.617449664429530198e+00
3.620805369127516826e+00
3.624161073825503454e+00
3.627516778523490082e+00
3.630872483221476710e+00
3.634228187919462894e+00
3.637583892617449521e+00
3.640939597315436149e+00
3.644295302013422777e+00
3.647651006711409405e+00
3.651006711409396033e+00
3.654362416107382661e+00
3.657718120805369288e+00
3.661073825503355472e+00
3.664429530201342100e+00
3.667785234899328728e+00
3.671140939597315356e+00
3.674496644295301984e+00
3.677852348993288611e+00
3.681208053691275239e+00
3.684563758389261867e+00
3.687919463087248495e+00
3.691275167785234679e+00
3.694630872483221307e+00
3.697986577181207934e+00
3.701342281879194562e+00
3.704697986577181190e+00
3.708053691275167818e+00
3.711409395973154446e+00
3.714765100671141074e+00
3.718120805369127702e+00
3.721476510067113885e+00
3.724832214765100513e+00
3.728187919463087141e+00
3.731543624161073769e+00
3.734899328859060397e+00
3.738255033557047025e+00
3.741610738255033652e+00
3.744966442953020280e+00
3.748322147651006908e+00
3.751677852348993092e+00
3.755033557046979720e+00
3.758389261744966348e+00
3.761744966442952975e+00
3.765100671140939603e+00
3.768456375838926231e+00
3.771812080536912859e+00
3.775167785234899487e+00
3.778523489932886115e+00
3.781879194630872298e+00
3.785234899328858926e+00
3.788590604026845554e+00
3.791946308724832182e+00
3.795302013422818810e+00
3.798657718120805438e+00
3.802013422818792066e+00
3.805369127516778693e+00
3.808724832214765321e+00
3.812080536912751505e+00
3.815436241610738133e+00
3.818791946308724761e+00
3.822147651006711389e+00
3.825503355704698016e+00
3.828859060402684644e+00
3.832214765100671272e+00
3.835570469798657900e+00
3.838926174496644528e+00
3.842281879194630712e+00
3.845637583892617339e+00
3.848993288590603967e+00
3.852348993288590595e+00
3.855704697986577223e+00
3.859060402684563851e+00
3.862416107382550479e+00
3.865771812080536662e+00
3.869127516778523290e+00
3.872483221476509918e+00
3.875838926174496546e+00
3.879194630872483174e+00
3.882550335570469802e+00
3.885906040268456429e+00
3.889261744966443057e+00
3.892617449664429685e+00
3.895973154362415869e+00
3.899328859060402497e+00
3.902684563758389125e+00
3.906040268456375752e+00
3.909395973154362380e+00
3.912751677852349008e+00
3.916107382550335636e+00
3.919463087248322264e+00
3.922818791946308892e+00
3.926174496644295075e+00
3.929530201342281703e+00
3.932885906040268331e+00
3.936241610738254959e+00
3.939597315436241587e+00
3.942953020134228215e+00
3.946308724832214843e+00
3.949664429530201470e+00
3.953020134228188098e+00
3.956375838926174282e+00
3.959731543624160910e+00
3.963087248322147538e+00
3.966442953020134166e+00
3.969798657718120793e+00
3.973154362416107421e+00
3.976510067114094049e+00
3.979865771812080677e+00
3.983221476510067305e+00
3.986577181208053489e+00
3.989932885906040116e+00
3.993288590604026744e+00
3.996644295302013372e+00
4.000000000000000000e+00
4.003355704697986184e+00
4.006711409395973256e+00
4.010067114093959439e+00
4.013422818791946511e+00
4.016778523489932695e+00
4.020134228187919767e+00
4.023489932885905951e+00
4.026845637583893023e+00
4.030201342281879207e+00
4.033557046979865390e+00
4.036912751677852462e+00
4.040268456375838646e+00
4.043624161073825718e+00
4.046979865771811902e+00
4.050335570469798974e+00
4.053691275167785157e+00
4.057046979865772229e+00
4.060402684563758413e+00
4.063758389261744597e+00
4.067114093959731669e+00
4.070469798657717853e+00
4.073825503355704925e+00
4.077181208053691108e+00
4.080536912751678180e+00
4.083892617449664364e+00
4.087248322147651436e+00
4.090604026845637620e+00
4.093959731543623803e+00
4.097315436241610875e+00
4.100671140939597059e+00
4.104026845637584131e+00
4.107382550335570315e+00
4.110738255033557387e+00
4.114093959731543571e+00
4.117449664429530642e+00
4.120805369127516826e+00
4.124161073825503010e+00
4.127516778523490082e+00
4.130872483221476266e+00
4.134228187919463338e+00
4.137583892617449521e+00
4.140939597315436593e+00
4.144295302013422777e+00
4.147651006711409849e+00
4.151006711409396033e+00
4.154362416107382217e+00
4.157718120805369288e+00
4.161073825503355472e+00
4.164429530201342544e+00
4.167785234899328728e+00
4.171140939597315800e+00
4.174496644295301984e+00
4.177852348993288167e+00
4.181208053691275239e+00
4.184563758389261423e+00
4.187919463087248495e+00
4.191275167785234679e+00
4.194630872483221751e+00
4.197986577181207934e+00
4.201342281879195006e+00
4.204697986577181190e+00
4.208053691275167374e+00
4.211409395973154446e+00
4.214765100671140630e+00
4.218120805369127702e+00
4.221476510067113885e+00
4.224832214765100957e+00
4.228187919463087141e+00
4.231543624161074213e+00
4.234899328859060397e+00
4.238255033557046580e+00
4.241610738255033652e+00
4.244966442953019836e+00
4.248322147651006908e+00
4.251677852348993092e+00
4.255033557046980164e+00
4.258389261744966348e+00
4.261744966442953420e+00
4.265100671140939603e+00
4.268456375838925787e+00
4.271812080536912859e+00
4.275167785234899043e+00
4.278523489932886115e+00
4.281879194630872298e+00
4.285234899328859370e+00
4.288590604026845554e+00
4.291946308724831738e+00
4.295302013422818810e+00
4.298657718120804994e+00
4.302013422818792066e+00
4.305369127516778249e+00
4.308724832214765321e+00
4.312080536912751505e+00
4.315436241610738577e+00
4.318791946308724761e+00
4.322147651006710944e+00
4.325503355704698016e+00
4.328859060402684200e+00
4.332214765100671272e+00
4.335570469798657456e+00
4.338926174496644528e+00
4.342281879194630712e+00
4.345637583892617783e+00
4.348993288590603967e+00
4.352348993288590151e+00
4.355704697986577223e+00
4.359060402684563407e+00
4.362416107382550479e+00
4.365771812080536662e+00
4.369127516778523734e+00
4.372483221476509918e+00
4.375838926174496990e+00
4.379194630872483174e+00
4.382550335570469358e+00
4.385906040268456429e+00
4.389261744966442613e+00
4.392617449664429685e+00
4.395973154362415869e+00
4.399328859060402941e+00
4.402684563758389125e+00
4.406040268456376197e+00
4.409395973154362380e+00
4.412751677852348564e+00
4.416107382550335636e+00
4.419463087248321820e+00
4.422818791946308892e+00
4.426174496644295075e+00
4.429530201342282147e+00
4.432885906040268331e+00
4.436241610738255403e+00
4.439597315436241587e+00
4.442953020134227771e+00
4.446308724832214843e+00
4.449664429530201026e+00
4.453020134228188098e+00
4.456375838926174282e+00
4.459731543624161354e+00
4.463087248322147538e+00
4.466442953020134610e+00
4.469798657718120793e+00
4.473154362416106977e+00
4.476510067114094049e+00
4.479865771812080233e+00
4.483221476510067305e+00
4.486577181208053489e+00
4.489932885906040561e+00
4.493288590604026744e+00
4.496644295302013816e+00
4.500000000000000000e+00
4.506711409395973256e+00
4.513422818791946511e+00
4.520134228187919767e+00
4.526845637583893023e+00
4.533557046979865390e+00
4.540268456375838646e+00
4.546979865771811902e+00
4.553691275167785157e+00
4.560402684563758413e+00
4.567114093959731669e+00
4.573825503355704925e+00
4.580536912751678180e+00
4.587248322147651436e+00
4.593959731543623803e+00
4.600671140939597059e+00
4.607382550335570315e+00
4.614093959731543571e+00
4.620805369127516826e+00
4.627516778523490082e+00
4.634228187919463338e+00
4.640939597315436593e+00
4.647651006711409849e+00
4.654362416107382217e+00
4.661073825503355472e+00
4.667785234899328728e+00
4.674496644295301984e+00
4.681208053691275239e+00
4.687919463087248495e+00
4.694630872483221751e+00
4.701342281879195006e+00
4.708053691275167374e+00
4.714765100671140630e+00
4.721476510067113885e+00
4.728187919463087141e+00
4.734899328859060397e+00
4.741610738255033652e+00
4.748322147651006908e+00
4.755033557046980164e+00
4.761744966442953420e+00
4.768456375838925787e+00
4.775167785234899043e+00
4.781879194630872298e+00
4.788590604026845554e+00
4.795302013422818810e+00
4.802013422818792066e+00
4.808724832214765321e+00
4.815436241610738577e+00
4.822147651006710944e+00
4.828859060402684200e+00
4.835570469798657456e+00
4.842281879194630712e+00
4.848993288590603967e+00
4.855704697986577223e+00
4.862416107382550479e+00
4.869127516778523734e+00
4.875838926174496990e+00
4.882550335570469358e+00
4.889261744966442613e+00
4.895973154362415869e+00
4.902684563758389125e+00
4.909395973154362380e+00
4.916107382550335636e+00
4.922818791946308892e+00
4.929530201342282147e+00
4.936241610738255403e+00
4.942953020134227771e+00
4.949664429530201026e+00
4.956375838926174282e+00
4.963087248322147538e+00
4.969798657718120793e+00
4.976510067114094049e+00
4.983221476510067305e+00
4.989932885906040561e+00
4.996644295302013816e+00
5.003355704697986184e+00
5.010067114093959439e+00
5.016778523489932695e+00
5.023489932885905951e+00
5.030201342281879207e+00
5.036912751677852462e+00
5.043624161073825718e+00
5.050335570469798974e+00
5.057046979865772229e+00
5.063758389261744597e+00
5.070469798657717853e+00
5.077181208053691108e+00
5.083892617449664364e+00
5.090604026845637620e+00
5.097315436241610875e+00
5.104026845637584131e+00
5.110738255033557387e+00
5.117449664429530642e+00
5.124161073825503010e+00
5.130872483221476266e+00
5.137583892617449521e+00
5.144295302013422777e+00
5.151006711409396033e+00
5.157718120805369288e+00
5.164429530201342544e+00
5.171140939597315800e+00
5.177852348993289056e+00
5.184563758389261423e+00
5.191275167785234679e+00
5.197986577181207934e+00
5.204697986577181190e+00
5.211409395973154446e+00
5.218120805369127702e+00
5.224832214765100957e+00
5.231543624161073325e+00
5.238255033557046580e+00
5.244966442953019836e+00
5.251677852348993092e+00
5.258389261744966348e+00
5.265100671140939603e+00
5.271812080536912859e+00
5.278523489932886115e+00
5.285234899328859370e+00
5.291946308724831738e+00
5.298657718120804994e+00
5.305369127516778249e+00
5.312080536912751505e+00
5.318791946308724761e+00
5.325503355704698016e+00
5.332214765100671272e+00
5.338926174496644528e+00
5.345637583892617783e+00
5.352348993288590151e+00
5.359060402684563407e+00
5.365771812080536662e+00
5.372483221476509918e+00
5.379194630872483174e+00
5.385906040268456429e+00
5.392617449664429685e+00
5.399328859060402941e+00
5.406040268456376197e+00
5.412751677852348564e+00
5.419463087248321820e+00
5.426174496644295075e+00
5.432885906040268331e+00
5.439597315436241587e+00
5.446308724832214843e+00
5.453020134228188098e+00
5.459731543624161354e+00
5.466442953020134610e+00
5.473154362416106977e+00
5.479865771812080233e+00
5.486577181208053489e+00
5.493288590604026744e+00
5.500000000000000000e+00
5.503355704697986184e+00
5.506711409395973256e+00
5.510067114093959439e+00
5.513422818791946511e+00
5.516778523489932695e+00
5.520134228187919767e+00
5.523489932885905951e+00
5.526845637583893023e+00
5.530201342281879207e+00
5.533557046979865390e+00
5.536912751677852462e+00
5.540268456375838646e+00
5.543624161073825718e+00
5.546979865771811902e+00
5.550335570469798974e+00
5.553691275167785157e+00
5.557046979865772229e+00
5.560402684563758413e+00
5.563758389261744597e+00
5.567114093959731669e+00
5.570469798657717853e+00
5.573825503355704925e+00
5.577181208053691108e+00
5.580536912751678180e+00
5.583892617449664364e+00
5.587248322147651436e+00
5.590604026845637620e+00
5.593959731543623803e+00
5.597315436241610875e+00
5.600671140939597059e+00
5.604026845637584131e+00
5.607382550335570315e+00
5.610738255033557387e+00
5.614093959731543571e+00
5.617449664429530642e+00
5.620805369127516826e+00
5.624161073825503010e+00
5.627516778523490082e+00
5.630872483221476266e+00
5.634228187919463338e+00
5.637583892617449521e+00
5.640939597315436593e+00
5.644295302013422777e+00
5.647651006711409849e+00
5.651006711409396033e+00
5.654362416107382217e+00
5.657718120805369288e+00
5.661073825503355472e+00
5.664429530201342544e+00
5.667785234899328728e+00
5.671140939597315800e+00
5.674496644295301984e+00
5.677852348993288167e+00
5.681208053691275239e+00
5.684563758389261423e+00
5.687919463087248495e+00
5.691275167785234679e+00
5.694630872483221751e+00
5.697986577181207934e+00
5.701342281879195006e+00
5.704697986577181190e+00
5.708053691275167374e+00
5.711409395973154446e+00
5.714765100671140630e+00
5.718120805369127702e+00
5.721476510067113885e+00
5.724832214765100957e+00
5.728187919463087141e+00
5.731543624161074213e+00
5.734899328859060397e+00
5.738255033557046580e+00
5.741610738255033652e+00
5.744966442953019836e+00
5.748322147651006908e+00
5.751677852348993092e+00
5.755033557046980164e+00
5.758389261744966348e+00
5.761744966442953420e+00
5.765100671140939603e+00
5.768456375838925787e+00
5.771812080536912859e+00
5.775167785234899043e+00
5.778523489932886115e+00
5.781879194630872298e+00
5.785234899328859370e+00
5.788590604026845554e+00
5.791946308724831738e+00
5.795302013422818810e+00
5.798657718120804994e+00
5.802013422818792066e+00
5.805369127516778249e+00
5.808724832214765321e+00
5.812080536912751505e+00
5.815436241610738577e+00
5.818791946308724761e+00
5.822147651006710944e+00
5.825503355704698016e+00
5.828859060402684200e+00
5.832214765100671272e+00
5.835570469798657456e+00
5.838926174496644528e+00
5.842281879194630712e+00
5.845637583892617783e+00
5.848993288590603967e+00
5.852348993288590151e+00
5.855704697986577223e+00
5.859060402684563407e+00
5.862416107382550479e+00
5.865771812080536662e+00
5.869127516778523734e+00
5.872483221476509918e+00
5.875838926174496990e+00
5.879194630872483174e+00
5.882550335570469358e+00
5.885906040268456429e+00
5.889261744966442613e+00
5.892617449664429685e+00
5.895973154362415869e+00
5.899328859060402941e+00
5.902684563758389125e+00
5.906040268456376197e+00
5.909395973154362380e+00
5.912751677852348564e+00
5.916107382550335636e+00
5.919463087248321820e+00
5.922818791946308892e+00
5.926174496644295075e+00
5.929530201342282147e+00
5.932885906040268331e+00
5.936241610738255403e+00
5.939597315436241587e+00
5.942953020134227771e+00
5.946308724832214843e+00
5.949664429530201026e+00
5.953020134228188098e+00
5.956375838926174282e+00
5.959731543624161354e+00
5.963087248322147538e+00
5.966442953020134610e+00
5.969798657718120793e+00
5.973154362416106977e+00
5.976510067114094049e+00
5.979865771812080233e+00
5.983221476510067305e+00
5.986577181208053489e+00
5.989932885906040561e+00
5.993288590604026744e+00
5.996644295302013816e+00
6.000000000000000000e+00
6.003355704697986184e+00
6.006711409395973256e+00
6.010067114093959439e+00
6.013422818791946511e+00
6.016778523489932695e+00
6.020134228187919767e+00
6.023489932885905951e+00
6.026845637583893023e+00
6.030201342281879207e+00
6.033557046979865390e+00
6.036912751677852462e+00
6.040268456375838646e+00
6.043624161073825718e+00
6.046979865771811902e+00
6.050335570469798974e+00
6.053691275167785157e+00
6.057046979865772229e+00
6.060402684563758413e+00
6.063758389261744597e+00
6.067114093959731669e+00
6.070469798657717853e+00
6.073825503355704925e+00
6.077181208053691108e+00
6.080536912751678180e+00
6.083892617449664364e+00
6.087248322147651436e+00
6.090604026845637620e+00
6.093959731543623803e+00
6.097315436241610875e+00
6.100671140939597059e+00
6.104026845637584131e+00
6.107382550335570315e+00
6.110738255033557387e+00
6.114093959731543571e+00
6.117449664429530642e+00
6.120805369127516826e+00
6.124161073825503010e+00
6.127516778523490082e+00
6.130872483221476266e+00
6.134228187919463338e+00
6.137583892617449521e+00
6.140939597315436593e+00
6.144295302013422777e+00
6.147651006711409849e+00
6.151006711409396033e+00
6.154362416107382217e+00
6.157718120805369288e+00
6.161073825503355472e+00
6.164429530201342544e+00
6.167785234899328728e+00
6.171140939597315800e+00
6.174496644295301984e+00
6.177852348993288167e+00
6.181208053691275239e+00
6.184563758389261423e+00
6.187919463087248495e+00
6.191275167785234679e+00
6.194630872483221751e+00
6.197986577181207934e+00
6.201342281879195006e+00
6.204697986577181190e+00
6.208053691275167374e+00
6.211409395973154446e+00
6.214765100671140630e+00
6.218120805369127702e+00
6.221476510067113885e+00
6.224832214765100957e+00
6.228187919463087141e+00
6.231543624161074213e+00
6.234899328859060397e+00
6.238255033557046580e+00
6.241610738255033652e+00
6.244966442953019836e+00
6.248322147651006908e+00
6.251677852348993092e+00
6.255033557046980164e+00
6.258389261744966348e+00
6.261744966442953420e+00
6.265100671140939603e+00
6.268456375838925787e+00
6.271812080536912859e+00
6.275167785234899043e+00
6.278523489932886115e+00
6.281879194630872298e+00
6.285234899328859370e+00
6.288590604026845554e+00
6.291946308724831738e+00
6.295302013422818810e+00
6.298657718120804994e+00
6.302013422818792066e+00
6.305369127516778249e+00
6.308724832214765321e+00
6.312080536912751505e+00
6.315436241610738577e+00
6.318791946308724761e+00
6.322147651006710944e+00
6.325503355704698016e+00
6.328859060402684200e+00
6.332214765100671272e+00
6.335570469798657456e+00
6.338926174496644528e+00
6.342281879194630712e+00
6.345637583892617783e+00
6.348993288590603967e+00
6.352348993288590151e+00
6.355704697986577223e+00
6.359060402684563407e+00
6.362416107382550479e+00
6.365771812080536662e+00
6.369127516778523734e+00
6.372483221476509918e+00
6.375838926174496990e+00
6.379194630872483174e+00
6.382550335570469358e+00
6.385906040268456429e+00
6.389261744966442613e+00
6.392617449664429685e+00
6.395973154362415869e+00
6.399328859060402941e+00
6.402684563758389125e+00
6.406040268456376197e+00
6.409395973154362380e+00
6.412751677852348564e+00
6.416107382550335636e+00
6.419463087248321820e+00
6.422818791946308892e+00
6.426174496644295075e+00
6.429530201342282147e+00
6.432885906040268331e+00
6.436241610738255403e+00
6.439597315436241587e+00
6.442953020134227771e+00
6.446308724832214843e+00
6.449664429530201026e+00
6.453020134228188098e+00
6.456375838926174282e+00
6.459731543624161354e+00
6.463087248322147538e+00
6.466442953020134610e+00
6.469798657718120793e+00
6.473154362416106977e+00
6.476510067114094049e+00
6.479865771812080233e+00
6.483221476510067305e+00
6.486577181208053489e+00
6.489932885906040561e+00
6.493288590604026744e+00
6.496644295302013816e+00
6.500000000000000000e+00
6.510067114093959439e+00
6.520134228187919767e+00
6.530201342281879207e+00
6.540268456375838646e+00
6.550335570469798974e+00
6.560402684563758413e+00
6.570469798657717853e+00
6.580536912751678180e+00
6.590604026845637620e+00
6.600671140939597059e+00
6.610738255033557387e+00
6.620805369127516826e+00
6.630872483221476266e+00
6.640939597315436593e+00
6.651006711409396033e+00
6.661073825503355472e+00
6.671140939597315800e+00
6.681208053691275239e+00
6.691275167785234679e+00
6.701342281879195006e+00
6.711409395973154446e+00
6.721476510067113885e+00
6.731543624161074213e+00
6.741610738255033652e+00
6.751677852348993092e+00
6.761744966442952531e+00
6.771812080536912859e+00
6.781879194630872298e+00
6.791946308724831738e+00
6.802013422818792066e+00
6.812080536912751505e+00
6.822147651006710944e+00
6.832214765100671272e+00
6.842281879194630712e+00
6.852348993288590151e+00
6.862416107382550479e+00
6.872483221476509918e+00
6.882550335570469358e+00
6.892617449664429685e+00
6.902684563758389125e+00
6.912751677852348564e+00
6.922818791946308892e+00
6.932885906040268331e+00
6.942953020134227771e+00
6.953020134228188098e+00
6.963087248322147538e+00
6.973154362416106977e+00
6.983221476510067305e+00
6.993288590604026744e+00
7.003355704697986184e+00
7.013422818791946511e+00
7.023489932885905951e+00
7.033557046979865390e+00
7.043624161073825718e+00
7.053691275167785157e+00
7.063758389261744597e+00
7.073825503355704925e+00
7.083892617449664364e+00
7.093959731543623803e+00
7.104026845637584131e+00
7.114093959731543571e+00
7.124161073825503010e+00
7.134228187919463338e+00
7.144295302013422777e+00
7.154362416107382217e+00
7.164429530201342544e+00
7.174496644295301984e+00
7.184563758389261423e+00
7.194630872483221751e+00
7.204697986577181190e+00
7.214765100671140630e+00
7.224832214765100957e+00
7.234899328859060397e+00
7.244966442953019836e+00
7.255033557046980164e+00
7.265100671140939603e+00
7.275167785234899043e+00
7.285234899328859370e+00
7.295302013422818810e+00
7.305369127516778249e+00
7.315436241610738577e+00
7.325503355704698016e+00
7.335570469798657456e+00
7.345637583892617783e+00
7.355704697986577223e+00
7.365771812080536662e+00
7.375838926174496990e+00
7.385906040268456429e+00
7.395973154362415869e+00
7.406040268456376197e+00
7.416107382550335636e+00
7.426174496644295075e+00
7.436241610738255403e+00
7.446308724832214843e+00
7.456375838926174282e+00
7.466442953020134610e+00
7.476510067114094049e+00
7.486577181208053489e+00
7.496644295302013816e+00
7.506711409395973256e+00
7.516778523489932695e+00
7.526845637583893023e+00
7.536912751677852462e+00
7.546979865771811902e+00
7.557046979865772229e+00
7.567114093959731669e+00
7.577181208053691108e+00
7.587248322147651436e+00
7.597315436241610875e+00
7.607382550335570315e+00
7.617449664429530642e+00
7.627516778523490082e+00
7.637583892617449521e+00
7.647651006711409849e+00
7.657718120805369288e+00
7.667785234899328728e+00
7.677852348993289056e+00
7.687919463087248495e+00
7.697986577181207934e+00
7.708053691275168262e+00
7.718120805369127702e+00
7.728187919463087141e+00
7.738255033557046580e+00
7.748322147651006908e+00
7.758389261744966348e+00
7.768456375838925787e+00
7.778523489932886115e+00
7.788590604026845554e+00
7.798657718120804994e+00
7.808724832214765321e+00
7.818791946308724761e+00
7.828859060402684200e+00
7.838926174496644528e+00
7.848993288590603967e+00
7.859060402684563407e+00
7.869127516778522846e+00
7.879194630872483174e+00
7.889261744966442613e+00
7.899328859060402053e+00
7.909395973154362380e+00
7.919463087248321820e+00
7.929530201342281259e+00
7.939597315436241587e+00
7.949664429530201026e+00
7.959731543624160466e+00
7.969798657718120793e+00
7.979865771812080233e+00
7.989932885906039672e+00
8.000000000000000000e+00
