8.000000000000000444e-01
8.081632653061224802e-01
8.163265306122449161e-01
8.244897959183673519e-01
8.326530612244897878e-01
8.408163265306123346e-01
8.489795918367347705e-01
8.571428571428572063e-01
8.653061224489796421e-01
8.734693877551020780e-01
8.816326530612245138e-01
8.897959183673469497e-01
8.979591836734693855e-01
9.061224489795918213e-01
9.142857142857143682e-01
9.224489795918368040e-01
9.306122448979592399e-01
9.387755102040816757e-01
9.469387755102041115e-01
9.551020408163265474e-01
9.632653061224489832e-01
9.714285714285714191e-01
9.795918367346938549e-01
9.877551020408164018e-01
9.959183673469387266e-01
1.004081632653061273e+00
1.012244897959183598e+00
1.020408163265306145e+00
1.028571428571428470e+00
1.036734693877551017e+00
1.044897959183673564e+00
1.053061224489795888e+00
1.061224489795918435e+00
1.069387755102040760e+00
1.077551020408163307e+00
1.085714285714285854e+00
1.093877551020408179e+00
1.102040816326530503e+00
1.110204081632653050e+00
1.118367346938775597e+00
1.126530612244897922e+00
1.134693877551020469e+00
1.142857142857142794e+00
1.151020408163265341e+00
1.159183673469387887e+00
1.167346938775510212e+00
1.175510204081632537e+00
1.183673469387755084e+00
1.191836734693877631e+00
1.199999999999999956e+00
1.246938775510203934e+00
1.293877551020408134e+00
1.340816326530612113e+00
1.387755102040816313e+00
1.434693877551020291e+00
1.481632653061224492e+00
1.528571428571428470e+00
1.575510204081632448e+00
1.622448979591836649e+00
1.669387755102040849e+00
1.716326530612244827e+00
1.763265306122448806e+00
1.810204081632652784e+00
1.857142857142856984e+00
1.904081632653061185e+00
1.951020408163265163e+00
1.997959183673469141e+00
2.044897959183673564e+00
2.091836734693877542e+00
2.138775510204081520e+00
2.185714285714285499e+00
2.232653061224489477e+00
2.279591836734693899e+00
2.326530612244897434e+00
2.373469387755101856e+00
2.420408163265305834e+00
2.467346938775509813e+00
2.514285714285714235e+00
2.561224489795918213e+00
2.608163265306122192e+00
2.655102040816326614e+00
2.702040816326530148e+00
2.748979591836734571e+00
2.795918367346938549e+00
2.842857142857142527e+00
2.889795918367346950e+00
2.936734693877550484e+00
2.983673469387754906e+00
3.030612244897958885e+00
3.077551020408162863e+00
3.124489795918367285e+00
3.171428571428570820e+00
3.218367346938775242e+00
3.265306122448979664e+00
3.312244897959183199e+00
3.359183673469387621e+00
3.406122448979591155e+00
3.453061224489795578e+00
3.500000000000000000e+00
3.551020408163265252e+00
3.602040816326530503e+00
3.653061224489795755e+00
3.704081632653061007e+00
3.755102040816326703e+00
3.806122448979591955e+00
3.857142857142857206e+00
3.908163265306122458e+00
3.959183673469387710e+00
4.010204081632653406e+00
4.061224489795918657e+00
4.112244897959183909e+00
4.163265306122449161e+00
4.214285714285714413e+00
4.265306122448979664e+00
4.316326530612244916e+00
4.367346938775510168e+00
4.418367346938775420e+00
4.469387755102040671e+00
4.520408163265305923e+00
4.571428571428571175e+00
4.622448979591837315e+00
4.673469387755101678e+00
4.724489795918367818e+00
4.775510204081632182e+00
4.826530612244898322e+00
4.877551020408163573e+00
4.928571428571428825e+00
4.979591836734694077e+00
5.030612244897959329e+00
5.081632653061224580e+00
5.132653061224489832e+00
5.183673469387755084e+00
5.234693877551020336e+00
5.285714285714285587e+00
5.336734693877550839e+00
5.387755102040816091e+00
5.438775510204081343e+00
5.489795918367347483e+00
5.540816326530611846e+00
5.591836734693877986e+00
5.642857142857142350e+00
5.693877551020408490e+00
5.744897959183673741e+00
5.795918367346938993e+00
5.846938775510204245e+00
5.897959183673469497e+00
5.948979591836734748e+00
6.000000000000000000e+00
6.693877551020408490e+00
7.387755102040816091e+00
8.081632653061223692e+00
8.775510204081632182e+00
9.469387755102040671e+00
1.016326530612244916e+01
1.085714285714285765e+01
1.155102040816326436e+01
1.224489795918367463e+01
1.293877551020408134e+01
1.363265306122448983e+01
1.432653061224489832e+01
1.502040816326530681e+01
1.571428571428571352e+01
1.640816326530612201e+01
1.710204081632652873e+01
1.779591836734693899e+01
1.848979591836734926e+01
1.918367346938775597e+01
1.987755102040816269e+01
2.057142857142856940e+01
2.126530612244897966e+01
2.195918367346938993e+01
2.265306122448979664e+01
2.334693877551020336e+01
2.404081632653061362e+01
2.473469387755102034e+01
2.542857142857142705e+01
2.612244897959183731e+01
2.681632653061224403e+01
2.751020408163265429e+01
2.820408163265306101e+01
2.889795918367346772e+01
2.959183673469387799e+01
3.028571428571428470e+01
3.097959183673469497e+01
3.167346938775510168e+01
3.236734693877551194e+01
3.306122448979591866e+01
3.375510204081632537e+01
3.444897959183673208e+01
3.514285714285713880e+01
3.583673469387754551e+01
3.653061224489795933e+01
3.722448979591836604e+01
3.791836734693877986e+01
3.861224489795918657e+01
3.930612244897959329e+01
4.000000000000000000e+01
